0.5297537286996912
0.4924480771089665
0.5003799987759169
0.5291796146786372
0.49177881034071624
0.36426339547865133
0.5046779838229152
0.5946108077186522
0.5836626217321497
0.5744054947063497
0.6122594776773073
0.563234504788161
0.4858409934910043
0.6060412838227139
0.5570971100654273
0.5602104015301969
0.5356731516962878
0.5113325494267283
0.5179958743312787
0.40956064904475276
0.5194562225659325
0.573354450200469
0.5774369937446681
0.5200154489691552
0.5922146303953372
0.5483202993353532
0.43003428883379674
0.6176451223695681
0.504761855723294
0.470679210146586
0.4670842449115156
0.5458719776708055
0.5202283234823137
0.39509272662606826
0.5723102918829516
0.5464256439717269
0.5768227581660342
0.4993265962365439
0.5212064716627616
0.5535198562257737
0.4202529641932542
0.5591055913502292
0.5095394079100887
0.49889328119768406
0.45960211299876863
0.5240454656460146
0.5209372676617564
0.4288018373985634
0.52932281453919
0.5956141029459264
0.5939714855893495
0.611867861649955
0.6466942639765015
0.5784068221016031
0.49296146358238524
0.6160115975816332
0.5435083217454538
0.5396707776439911
0.5115097598697236
0.5200877432719119
0.5186371170259331
0.44535346908939233
0.567578431290467
0.6333260978266618
0.5547378029953667
0.6177321170516291
0.591624778033199
0.6072963696306002
0.5174743674791873
0.6131176410334918
0.4106337875131113
0.38756522940689553
0.3637925274921056
0.46870629851361484
0.4012188920837202
0.2474709148987656
0.4625335125055301
mean correlation between between SG1 and SG2 OTUs is  0.5218937433607898
