# Constructed from biom file
#OTU ID	SG1-BOT-2016-02-8-1	SG1-BOT-2016-02-8-2	SG1-BOT-2016-02-8-3	SG1-BOT-2016-02-9-1	SG1-BOT-2016-02-9-2	SG1-BOT-2016-02-9-3	SG1-BOT-2016-02mt-1	SG1-TOP-2016-02mt-1-2	SG1-TOP-2016-02mt-1a	SG1-TOP-2016-02mt-1b	SG1-TOP-2016-02mt-2-2	SG1-TOP-2016-02mt-3-1	SG1-TOP-2016-02mt-9b	SG1-TOP-2016-02mt-10-1	SG1-TOP-2016-02mt-13a	SG1-TOP-2016-02mt-13b	SG1-TOP-2016-02mt-17a	SG1-TOP-2016-02mt-17b
D_0__Archaea;D_1__Euryarchaeota;D_2__Halobacteria;D_3__Halobacteriales	0.517006802721	0.50697392359	0.524953095685	0.442133815552	0.46953541508	0.612266385891	0.503708412799	0.622357463165	0.662374452743	0.616343944864	0.633573704511	0.628785773826	0.623254749371	0.596646185356	0.627059843886	0.58023628824	0.594865810968	0.564237123421
D_0__Archaea;D_1__Nanohaloarchaeota;D_2__uncultured archaeon;D_3__uncultured archaeon	0.0	0.0	0.0	0.0	0.0	0.0	0.0	0.000320307495195	0.0	0.000328191663932	0.000503102465202	0.0	0.0	0.0	0.000650477016479	0.000156482278382	0.0	0.000388726919339
D_0__Archaea;D_1__Nanohaloarchaeota;D_2__uncultured haloarchaeon;D_3__uncultured haloarchaeon	0.0	0.000606428138266	0.000750469043152	0.00226039783002	0.0	0.0	0.00190718372537	0.000160153747598	0.0	0.000164095831966	0.000335401643468	0.00111141983884	0.0	0.000256016385049	0.00021682567216	0.000312964556764	0.000233372228705	0.0
D_0__Archaea;D_1__Nanohaloarchaeota;Other;Other	0.000618429189858	0.0	0.0	0.0	0.0003808073115	0.0	0.0	0.0	0.0	0.0	0.0	0.000138927479856	0.000343327992676	0.000128008192524	0.0	0.00125185822706	0.000583430571762	0.0
D_0__Bacteria;D_1__Actinobacteria;D_2__Actinobacteria;D_3__Corynebacteriales	0.0	0.0	0.0	0.0	0.0	0.0	0.00105954651409	0.0	0.000128766417718	0.000164095831966	0.0	0.0	0.0	0.0	0.0	0.0	0.0	0.00019436345967
D_0__Bacteria;D_1__Bacteroidetes;D_2__Cytophagia;D_3__Order II	0.199752628324	0.1188599151	0.101313320826	0.125678119349	0.155750190404	0.121347723085	0.114007204916	0.229660474055	0.20486737059	0.158844765343	0.201073285259	0.196304529036	0.204165712978	0.198540706605	0.196010407632	0.194272748611	0.208168028005	0.177453838678
D_0__Bacteria;D_1__Bacteroidetes;D_2__Sphingobacteriia;D_3__Sphingobacteriales	0.0	0.0	0.0	0.0	0.0	0.0	0.0	0.0	0.0	0.000656383327863	0.000335401643468	0.0	0.000343327992676	0.0	0.0	7.8241139191e-05	0.000583430571762	0.0
D_0__Bacteria;D_1__Cyanobacteria;D_2__Chloroplast;D_3__uncultured Chlorophyta	0.0	0.0	0.0	0.0	0.0	0.0	0.00254291163382	0.000160153747598	0.000257532835437	0.0	0.000167700821734	0.0	0.000343327992676	0.000128008192524	0.0	0.0	0.0	0.0
D_0__Bacteria;D_1__Cyanobacteria;D_2__Chloroplast;Other	0.0649350649351	0.19587628866	0.109193245779	0.144213381555	0.0799695354151	0.0347459857857	0.129900402628	0.0459641255605	0.0554983260366	0.0587463078438	0.0617139023981	0.102389552654	0.0913252460517	0.103558627752	0.0915004336513	0.0677568265394	0.107467911319	0.0544217687075
D_0__Bacteria;D_1__Cyanobacteria;D_2__Cyanobacteria;D_3__SubsectionI	0.0	0.0	0.0	0.0	0.0	0.0	0.0	0.0	0.0	0.0	0.0	0.0	0.0	0.000128008192524	0.0	0.0	0.000233372228705	0.0
D_0__Bacteria;D_1__Cyanobacteria;D_2__Cyanobacteria;D_3__SubsectionII	0.0	0.0	0.0	0.0	0.0	0.0	0.0	0.000480461242793	0.000386299253155	0.000164095831966	0.000503102465202	0.000138927479856	0.000343327992676	0.000128008192524	0.0	0.000156482278382	0.0	0.00291545189504
D_0__Bacteria;D_1__Cyanobacteria;D_2__Cyanobacteria;D_3__SubsectionIII	0.151515151515	0.171619163129	0.181988742964	0.260849909584	0.1523229246	0.0947617794156	0.220597584234	0.0661434977578	0.0645119752768	0.143091565474	0.0695958410196	0.0288969158099	0.0453192950332	0.0756528417819	0.0578924544666	0.117361708786	0.0556592765461	0.162293488824
D_0__Bacteria;D_1__Cyanobacteria;D_2__Cyanobacteria;D_3__SubsectionIV	0.0	0.0	0.0	0.0	0.0	0.0	0.0	0.000160153747598	0.0	0.0	0.000167700821734	0.0	0.0	0.0	0.00021682567216	7.8241139191e-05	0.000233372228705	0.0
D_0__Bacteria;D_1__Cyanobacteria;D_2__Cyanobacteria;D_3__uncultured	0.0	0.0	0.0	0.0	0.0	0.0	0.0	0.0	0.0	0.0	0.0	0.000138927479856	0.0	0.0	0.0	0.0	0.0	0.00116618075802
D_0__Bacteria;D_1__Cyanobacteria;D_2__Cyanobacteria;Other	0.0	0.0	0.0	0.0	0.0	0.0	0.000211909302818	0.0	0.0	0.0	0.0	0.0	0.0	0.0	0.0	0.0	0.0	0.000777453838678
D_0__Bacteria;D_1__Planctomycetes;D_2__Phycisphaerae;D_3__Phycisphaerales	0.000618429189858	0.0	0.000375234521576	0.0	0.0	0.000263227165043	0.0	0.0	0.0	0.000164095831966	0.000167700821734	0.000416782439567	0.000114442664225	0.000128008192524	0.0	0.0	0.0	0.0
D_0__Bacteria;D_1__Proteobacteria;D_2__Alphaproteobacteria;D_3__Rhizobiales	0.0	0.0	0.0	0.0	0.0	0.0	0.0	0.0	0.000128766417718	0.000656383327863	0.0	0.0	0.0	0.0	0.00260190806592	0.000312964556764	0.000233372228705	0.00019436345967
D_0__Bacteria;D_1__Proteobacteria;D_2__Alphaproteobacteria;D_3__Rhodospirillales	0.0	0.0	0.0	0.0	0.0	0.0	0.0	0.0	0.000128766417718	0.0	0.0	0.0	0.000457770656901	0.0	0.0	0.0	0.0	0.0
D_0__Bacteria;D_1__Proteobacteria;D_2__Alphaproteobacteria;D_3__Sphingomonadales	0.0	0.0	0.0	0.0	0.0	0.0	0.0	0.0	0.0	0.0	0.000167700821734	0.000138927479856	0.0	0.0	0.0	7.8241139191e-05	0.0	0.00019436345967
D_0__Bacteria;D_1__Proteobacteria;D_2__Deltaproteobacteria;D_3__Desulfuromonadales	0.00556586270872	0.000606428138266	0.00300187617261	0.000452079566004	0.000761614623001	0.000263227165043	0.00211909302818	0.016335682255	0.0028328611898	0.00443058746308	0.00251551232601	0.0062517365935	0.00102998397803	0.00345622119816	0.00238508239376	0.00414678037712	0.00198366394399	0.00369290573372
D_0__Bacteria;D_1__Proteobacteria;D_2__Gammaproteobacteria;D_3__Chromatiales	0.0111317254174	0.00242571255306	0.0078799249531	0.000904159132007	0.003046458492	0.000526454330087	0.00254291163382	0.00912876361307	0.00592325521504	0.00984574991795	0.0229750125776	0.0312586829675	0.0308995193408	0.0144649257552	0.0123590633131	0.0166653626477	0.0151691948658	0.021185617104
D_0__Bacteria;D_1__Proteobacteria;D_2__Gammaproteobacteria;D_3__Oceanospirillales	0.0	0.0	0.0	0.00135623869801	0.0003808073115	0.0	0.000211909302818	0.000160153747598	0.0	0.0	0.0	0.0	0.0	0.000256016385049	0.0	0.0	0.0	0.0
D_0__Bacteria;D_1__TM6;D_2__uncultured bacterium;D_3__uncultured bacterium	0.0	0.0	0.0	0.0	0.0	0.0	0.0	0.000320307495195	0.000128766417718	0.000164095831966	0.0	0.0	0.000114442664225	0.0	0.0	7.8241139191e-05	0.0	0.0
Unassigned;Other;Other;Other	0.0488559059988	0.00303214069133	0.0705440900563	0.0221518987342	0.137852246763	0.135825217162	0.0211909302818	0.00864830237028	0.0028328611898	0.0062356416147	0.00620493040416	0.00402889691581	0.00194552529183	0.00652841781874	0.0091066782307	0.0170565683436	0.014585764294	0.0108843537415