# Constructed from biom file
#OTU ID	H2-A-B	H2-A-M	H2-A-T	H2-B-B	H2-B-M	H2-B-T	H2-C-B	H2-C-M	H2-C-T	H3-A-B	H3-A-M	H3-A-T	H3-B-B	H3-B-M	H3-B-T	H3-C-B	H3-C-M	H3-C-T	H4-A-B	H4-A-M	H4-A-T	H4-B-B	H4-B-M	H4-B-T	H4-C-B	H4-C-M	H4-C-T	H5-A-M	H5-B-B	H5-B-M	H5-B-T	H5-C-B	H5-C-T	H6-A-B	H6-A-M	H6-A-T	H6-B-B	H6-B-M	H6-C-B	H6-C-M	H6-C-T	H7-B-B	H7-B-M	H7-B-T	H7-C-M	H7-C-T
D_0__Archaea;D_1__Euryarchaeota;D_2__Halobacteria;D_3__Halobacteriales;D_4__Halobacteriaceae	0.683329066681	0.606822465134	0.723779500724	0.726480645603	0.709786261594	0.702308326463	0.513416444049	0.519994798101	0.519531432305	0.657278092678	0.687176640831	0.674198820436	0.61445871452	0.51903906118	0.55894106997	0.784627317722	0.744104023137	0.767989726827	0.645856798069	0.579671000179	0.757118952346	0.823819665563	0.680180690297	0.725678586816	0.700378757354	0.49755277807	0.548833467418	0.695702498961	0.822380726738	0.776654570589	0.752851429418	0.733495293046	0.597564047208	0.779681843844	0.664280739766	0.634251682124	0.61102033406	0.587092471844	0.74169528567	0.716487141164	0.668631842435	0.715446037344	0.692473221117	0.703167736804	0.647124350194	0.641653339894
D_0__Archaea;D_1__Nanohaloarchaeota;D_2__uncultured archaeon;D_3__uncultured archaeon;D_4__uncultured archaeon	0.00021557822121	0.00171503957784	0.00105080798614	0.000533442757489	0.00159967737599	0.000144270403957	0.000504600771742	0.00271474088042	0.00211571070767	5.84351078128e-05	7.92911372331e-05	2.36860181435e-05	5.86441473141e-05	0.000307205505123	0.000287032743812	1.8467902785e-05	4.70267346987e-05	0.0	0.0	0.0	1.45507457257e-05	0.0	3.77486693594e-05	0.0	0.0	0.000189055771453	2.68168409761e-05	1.48394372885e-05	2.493952166e-05	0.000194401244168	0.0	6.07348921956e-05	0.000341824985607	3.32104546511e-05	0.000141865923805	3.03085409468e-05	0.000113471314452	5.92768227623e-05	3.12207305651e-05	0.000103076843787	6.5871813451e-05	0.000183208903953	0.00030285641418	1.9398265795e-05	0.000467585334324	4.92065444704e-05
D_0__Archaea;D_1__Nanohaloarchaeota;D_2__uncultured haloarchaeon;D_3__uncultured haloarchaeon;D_4__uncultured haloarchaeon	0.000565892830677	0.000320392009046	0.000397603021783	0.00123102174805	0.000954429358785	0.000515251442704	0.000593647966756	0.00045516613564	0.000373360713119	0.000194783692709	0.000336987333241	0.000331604254009	0.00029322073657	0.00167427000292	0.00134684595173	0.00022161483342	0.00260998377578	0.00112070978286	0.000346556098768	0.00040677524854	0.000465623863223	4.21736288299e-05	0.000239074905943	0.000172339508832	0.000322346683858	0.00128137800651	0.000643604183427	0.00132070991868	0.000536199715689	0.000658804216347	0.0011850096282	0.000394776799271	0.000935521013241	0.000581182956395	0.00078671103201	0.000409165302782	0.000862381989833	0.000459395376408	0.000640024976584	0.000446666323077	0.000214083393716	0.000198476312615	0.000175337923999	3.87965315901e-05	0.000192535137663	2.46032722352e-05
D_0__Archaea;D_1__Nanohaloarchaeota;Other;Other;Other	0.000619787385979	0.000131926121372	0.0003408025901	0.000711257009985	0.00047049334588	0.000164880461665	0.000682695161769	0.000390142401977	0.000342247320359	0.000253218800522	0.000198227843083	0.000165802127004	0.000410509031199	0.00156674807613	0.000331191627476	0.00022161483342	0.000681887653131	0.000210133084287	0.000792128225757	3.25420198832e-05	0.000363768643143	0.000653691246863	0.00138411787651	0.000344679017665	0.00120880006447	0.00132339040017	0.000938589434165	0.000979402861044	0.00018704641245	0.000356402280975	0.000622130054807	0.0013969025205	0.00230282095567	0.000348709773837	0.00139286543372	0.000348548220889	0.000521968046478	0.000859513930053	0.000842959725258	0.000515384218935	0.000197615440353	0.000916044519764	0.0025025503698	0.000756532366006	0.000935170668647	0.00155000615082
D_0__Archaea;D_1__Thaumarchaeota;D_2__Soil Crenarchaeotic Group(SCG);D_3__uncultured archaeon;D_4__uncultured archaeon	0.0	1.88465887674e-05	0.0	0.0	0.0	0.0	0.0	0.0	0.0	0.0	0.0	0.0	0.0	0.0	0.0	0.0	2.35133673493e-05	0.0	0.0	0.0	0.0	0.0	0.0	2.1542438604e-05	0.0	0.0	0.0	0.0	0.0	0.0	0.0	0.0	0.0	3.32104546511e-05	0.0	0.0	0.0	0.0	0.0	0.0	0.0	0.0	0.0	0.0	0.0	0.0
D_0__Bacteria;D_1__Acidobacteria;D_2__Acidobacteria;D_3__Acidobacteriales;D_4__Acidobacteriaceae (Subgroup 1)	0.0	1.88465887674e-05	5.68004316833e-05	0.0	2.68853340503e-05	0.0	0.0	0.0	0.0	1.94783692709e-05	0.0	0.0	1.46610368285e-05	0.0	0.0	0.0	0.0	2.33481204763e-05	1.23770035274e-05	3.25420198832e-05	1.45507457257e-05	0.0	0.0	4.30848772081e-05	0.0	0.0	0.0	1.48394372885e-05	0.0	1.08000691204e-05	0.0	3.03674460978e-05	1.79907887162e-05	1.66052273256e-05	0.0	0.0	0.0	0.0	0.0	1.71794739645e-05	0.0	0.0	0.0	0.0	0.0	0.0
D_0__Bacteria;D_1__Acidobacteria;D_2__Acidobacteria;D_3__Subgroup 3;D_4__Unknown Family	0.0	0.0	0.0	0.0	0.0	0.0	0.0	0.0	0.0	0.0	0.0	2.36860181435e-05	0.0	0.0	0.0	0.0	0.0	0.0	0.0	0.0	0.0	0.0	0.0	2.1542438604e-05	0.0	0.0	0.0	0.0	1.246976083e-05	1.08000691204e-05	0.0	0.0	0.0	0.0	0.0	1.51542704734e-05	0.0	0.0	0.0	0.0	1.64679533628e-05	0.0	0.0	0.0	1.3752509833e-05	0.0
D_0__Bacteria;D_1__Acidobacteria;D_2__Acidobacteria;D_3__Subgroup 4;D_4__RB41	0.0	0.0	2.84002158416e-05	1.36780194228e-05	1.34426670251e-05	2.06100577082e-05	0.0	3.25118668314e-05	0.0	5.84351078128e-05	0.0	4.7372036287e-05	0.0	4.60808257684e-05	0.0	0.0	0.0	0.0	0.0	1.62710099416e-05	0.0	2.10868144149e-05	2.51657795729e-05	2.1542438604e-05	4.02933354823e-05	0.0	0.0	0.0	0.0	2.16001382409e-05	1.48126203525e-05	0.0	0.0	0.0	3.86907064923e-05	1.51542704734e-05	6.8082788671e-05	0.0	3.12207305651e-05	0.0	1.64679533628e-05	4.58022259882e-05	3.18796225453e-05	1.9398265795e-05	0.0	0.0
D_0__Bacteria;D_1__Acidobacteria;D_2__Acidobacteria;D_3__Subgroup 4;D_4__Unknown Family	1.34736388256e-05	0.0	0.0	0.0	0.0	2.06100577082e-05	5.93647966756e-05	1.62559334157e-05	0.0	0.0	0.0	0.0	1.46610368285e-05	0.0	0.0	0.0	4.70267346987e-05	0.0	6.18850176372e-05	6.50840397663e-05	1.45507457257e-05	0.0	2.51657795729e-05	0.0	0.0	4.20123936561e-05	5.36336819523e-05	0.0	0.0	0.0	0.0	3.03674460978e-05	3.59815774324e-05	0.0	2.57938043282e-05	1.51542704734e-05	4.53885257807e-05	4.44576170717e-05	0.0	0.0	1.64679533628e-05	0.0	1.59398112726e-05	0.0	1.3752509833e-05	2.46032722352e-05
D_0__Bacteria;D_1__Actinobacteria;D_2__Acidimicrobiia;D_3__Acidimicrobiales;D_4__uncultured	0.0	0.0	0.0	0.0	1.34426670251e-05	0.0	2.96823983378e-05	0.0	0.0	0.0	0.0	0.0	0.0	0.0	0.0	0.0	0.0	0.0	0.0	1.62710099416e-05	0.0	0.0	0.0	0.0	0.0	0.0	0.0	0.0	0.0	0.0	0.0	0.0	0.0	0.0	0.0	0.0	0.0	0.0	0.0	0.0	0.0	0.0	0.0	1.9398265795e-05	0.0	0.0
D_0__Bacteria;D_1__Actinobacteria;D_2__Actinobacteria;D_3__Actinomycetales;D_4__Actinomycetaceae	0.0	0.0	0.0	0.0	0.0	0.0	0.0	0.0	0.0	0.0	0.0	0.0	0.0	0.0	0.0	0.0	0.0	0.0	0.0	0.0	0.0	0.0	0.0	0.0	0.0	0.0	0.0	0.0	0.0	2.16001382409e-05	0.0	0.0	0.0	0.0	0.0	0.0	0.0	0.0	0.0	0.0	0.0	3.05348173255e-05	0.0	0.0	0.0	0.0
D_0__Bacteria;D_1__Actinobacteria;D_2__Actinobacteria;D_3__Corynebacteriales;D_4__Corynebacteriaceae	0.0	1.88465887674e-05	2.84002158416e-05	0.000109424155382	5.37706681006e-05	2.06100577082e-05	2.96823983378e-05	0.0	0.0	0.0	0.0	0.0	4.39831104856e-05	0.0	0.0	0.0	0.0	0.0	0.0	0.0	0.0	2.10868144149e-05	0.0	0.0	0.000120880006447	0.0	0.0	0.0	0.0	5.40003456022e-05	0.0	6.07348921956e-05	3.59815774324e-05	1.66052273256e-05	6.44845108205e-05	6.06170818937e-05	0.0	2.96384113811e-05	4.68310958476e-05	5.15384218935e-05	3.29359067255e-05	3.05348173255e-05	3.18796225453e-05	0.0	5.50100393322e-05	0.0
D_0__Bacteria;D_1__Actinobacteria;D_2__Actinobacteria;D_3__Corynebacteriales;D_4__Nocardiaceae	0.0	0.0	0.0	0.0	0.0	0.0	0.0	0.0	0.0	0.0	0.0	0.0	0.0	0.0	0.0	0.0	0.0	0.0	0.0	0.0	0.0	0.0	0.0	0.0	0.0	0.0	0.0	0.0	0.0	0.0	0.0	0.0	0.0	0.0	0.0	0.0	0.0	1.48192056906e-05	0.0	0.0	0.0	0.0	0.0	0.0	0.0	2.46032722352e-05
D_0__Bacteria;D_1__Actinobacteria;D_2__Actinobacteria;D_3__Frankiales;D_4__Frankiaceae	1.34736388256e-05	0.0	8.52006475249e-05	0.0	0.0	0.0	0.0	0.0	0.0	0.0	0.0	0.0	0.0	0.0	0.0	0.0	0.0	0.0	0.0	3.25420198832e-05	0.0	0.0	0.0	0.0	4.02933354823e-05	0.0	0.0	0.0	0.0	0.0	0.0	0.0	0.0	0.0	0.0	0.0	0.0	0.0	0.0	0.0	0.0	0.0	0.0	0.0	2.75050196661e-05	0.0
D_0__Bacteria;D_1__Actinobacteria;D_2__Actinobacteria;D_3__Frankiales;D_4__Geodermatophilaceae	0.0	0.0	0.0	0.0	1.34426670251e-05	0.0	0.0	0.0	0.0	0.0	0.0	0.0	0.0	3.07205505123e-05	0.0	1.8467902785e-05	0.0	0.0	0.0	1.62710099416e-05	0.0	0.0	0.0	0.0	0.0	0.0	0.0	0.0	0.0	0.0	0.0	0.0	0.0	0.0	0.0	0.0	2.26942628903e-05	0.0	3.12207305651e-05	0.0	0.0	3.05348173255e-05	0.0	1.9398265795e-05	0.0	2.46032722352e-05
D_0__Bacteria;D_1__Actinobacteria;D_2__Actinobacteria;D_3__Frankiales;D_4__Nakamurellaceae	0.0	0.0	2.84002158416e-05	0.0	0.0	0.0	5.93647966756e-05	1.62559334157e-05	0.0	0.0	0.0	0.0	0.0	0.0	0.0	0.0	0.0	0.0	0.0	0.0	0.0	0.0	0.0	0.0	0.0	0.0	0.0	0.0	0.0	0.0	0.0	0.0	0.0	0.0	0.0	0.0	0.0	0.0	0.0	0.0	0.0	0.0	0.0	0.0	0.0	0.0
D_0__Bacteria;D_1__Actinobacteria;D_2__Actinobacteria;D_3__Frankiales;D_4__Sporichthyaceae	0.0	1.88465887674e-05	0.0	0.0	0.0	0.0	0.0	0.0	0.0	0.0	0.0	0.0	1.46610368285e-05	1.53602752561e-05	0.0	0.0	0.0	0.0	0.0	0.0	0.0	0.0	0.0	0.0	0.0	0.0	0.0	0.0	0.0	0.0	0.0	0.0	0.0	0.0	1.28969021641e-05	0.0	0.0	0.0	0.0	0.0	0.0	0.0	0.0	0.0	0.0	0.0
D_0__Bacteria;D_1__Actinobacteria;D_2__Actinobacteria;D_3__Frankiales;D_4__uncultured	1.34736388256e-05	0.0	0.0	0.0	0.0	2.06100577082e-05	0.000118729593351	1.62559334157e-05	0.0	0.0	0.0	0.0	1.46610368285e-05	0.0	0.0	0.0	0.0	0.0	1.23770035274e-05	0.0	0.0	0.0	2.51657795729e-05	0.0	0.0	2.10061968281e-05	0.0	0.0	0.0	0.0	0.0	3.03674460978e-05	0.0	0.0	0.0	0.0	0.0	0.0	0.0	0.0	0.0	0.0	0.0	0.0	0.0	0.0
D_0__Bacteria;D_1__Actinobacteria;D_2__Actinobacteria;D_3__Frankiales;Other	0.0	0.0	2.84002158416e-05	0.0	0.0	0.0	0.0	0.0	0.0	0.0	0.0	0.0	0.0	0.0	0.0	0.0	0.0	0.0	0.0	0.0	0.0	0.0	0.0	0.0	0.0	0.0	0.0	0.0	0.0	0.0	0.0	0.0	0.0	0.0	0.0	0.0	0.0	0.0	0.0	0.0	0.0	0.0	0.0	1.9398265795e-05	0.0	0.0
D_0__Bacteria;D_1__Actinobacteria;D_2__Actinobacteria;D_3__Kineosporiales;D_4__Kineosporiaceae	0.0	0.0	0.0	1.36780194228e-05	0.0	2.06100577082e-05	2.96823983378e-05	0.0	0.0	0.0	0.0	0.0	0.0	0.0	2.20794418317e-05	1.8467902785e-05	0.0	0.0	0.0	0.0	0.0	0.0	0.0	2.1542438604e-05	0.0	0.0	0.0	0.0	0.0	1.08000691204e-05	1.48126203525e-05	0.0	1.79907887162e-05	3.32104546511e-05	0.0	0.0	0.0	0.0	0.0	0.0	0.0	0.0	1.59398112726e-05	0.0	0.0	2.46032722352e-05
D_0__Bacteria;D_1__Actinobacteria;D_2__Actinobacteria;D_3__Micrococcales;D_4__Intrasporangiaceae	1.34736388256e-05	0.0	0.0	0.0	0.0	0.0	0.0	1.62559334157e-05	0.0	3.89567385418e-05	0.0	2.36860181435e-05	1.46610368285e-05	0.0	0.0	1.8467902785e-05	2.35133673493e-05	2.33481204763e-05	2.47540070549e-05	1.62710099416e-05	0.0	2.10868144149e-05	0.0	0.0	0.0	2.10061968281e-05	2.68168409761e-05	1.48394372885e-05	0.0	0.0	2.96252407051e-05	3.03674460978e-05	0.0	0.0	0.0	0.0	2.26942628903e-05	0.0	1.56103652825e-05	0.0	1.64679533628e-05	0.0	1.59398112726e-05	0.0	0.0	2.46032722352e-05
D_0__Bacteria;D_1__Actinobacteria;D_2__Actinobacteria;D_3__Micrococcales;D_4__Micrococcaceae	0.0	0.0	0.0	0.0	0.0	0.0	0.0	0.0	0.0	0.0	0.0	0.0	0.0	0.0	0.0	0.0	0.0	0.0	2.47540070549e-05	0.0	0.0	0.0	0.0	0.0	0.0	0.0	0.0	0.0	0.0	0.0	0.0	0.0	0.0	0.0	1.28969021641e-05	1.51542704734e-05	0.0	0.0	0.0	0.0	0.0	0.0	0.0	0.0	0.0	2.46032722352e-05
D_0__Bacteria;D_1__Actinobacteria;D_2__Actinobacteria;D_3__Propionibacteriales;D_4__Nocardioidaceae	1.34736388256e-05	3.76931775349e-05	0.0	0.0	0.0	0.0	5.93647966756e-05	0.0	3.11133927599e-05	3.89567385418e-05	0.0	0.0	0.0	1.53602752561e-05	0.0	3.69358055699e-05	0.0	0.0	1.23770035274e-05	1.62710099416e-05	0.0	0.0	0.0	0.0	0.0	2.10061968281e-05	0.0	0.0	0.0	1.08000691204e-05	0.0	0.0	0.0	1.66052273256e-05	0.0	0.0	0.0	2.96384113811e-05	0.0	0.0	1.64679533628e-05	0.0	0.0	0.0	1.3752509833e-05	0.0
D_0__Bacteria;D_1__Actinobacteria;D_2__Actinobacteria;D_3__Propionibacteriales;D_4__Propionibacteriaceae	4.04209164769e-05	7.53863550697e-05	0.00017040129505	0.000615510874025	0.000483936012905	0.000267930750206	0.000118729593351	0.000130047467326	3.11133927599e-05	5.84351078128e-05	1.98227843083e-05	7.10580544305e-05	0.000131949331457	4.60808257684e-05	0.000220794418317	1.8467902785e-05	4.70267346987e-05	0.0	2.47540070549e-05	4.88130298248e-05	2.91014914514e-05	6.32604432448e-05	3.77486693594e-05	2.1542438604e-05	0.00209525344508	0.000210061968281	2.68168409761e-05	5.93577491542e-05	9.97580866399e-05	0.000453602903059	0.000103688342468	0.0013058001822	0.00116940126655	8.30261366278e-05	0.000128969021641	9.09256228405e-05	0.000272331154684	0.00102252519265	0.000296596940368	0.000120256317752	8.23397668138e-05	0.00050382448587	0.000143458301454	0.00023277918954	0.000440080314657	0.000147619633411
D_0__Bacteria;D_1__Actinobacteria;D_2__Actinobacteria;D_3__Pseudonocardiales;D_4__Pseudonocardiaceae	0.0	0.0	0.0	0.0	0.0	0.0	0.0	0.0	0.0	0.0	0.0	0.0	0.0	0.0	0.0	0.0	0.0	0.0	0.0	0.0	0.0	0.0	0.0	0.0	0.0	0.0	0.0	0.0	0.0	0.0	0.0	0.0	0.0	0.0	0.0	1.51542704734e-05	0.0	1.48192056906e-05	0.0	0.0	0.0	0.0	0.0	0.0	0.0	0.0
D_0__Bacteria;D_1__Actinobacteria;D_2__Nitriliruptoria;D_3__Euzebyales;D_4__Euzebyaceae	0.00398819709239	0.0364304560874	0.0161597228139	0.0099028860621	0.0198951471972	0.0030296784831	0.0126150192936	0.0518889394629	0.0231639209098	0.000389567385418	0.00202192399944	0.00362396077595	0.00212585034014	0.0217808703132	0.00869930008169	0.000849523528108	0.0103458816337	0.000980621060005	8.66390246921e-05	0.000797279487138	2.91014914514e-05	4.21736288299e-05	0.00173643879053	0.000969409737182	0.000443226690305	0.0258376220985	0.00286940198445	0.00418472131537	0.00019951617328	0.00381242439952	0.00940601392386	0.00109322805952	0.0549798503166	0.0176347514197	0.00729964662488	0.00810753470328	0.0452523602033	0.0370924718435	0.00747736497034	0.0343074095071	0.0206178776102	0.0293134246324	0.0108550114767	0.000387965315901	0.0195148114531	0.0022388977734
D_0__Bacteria;D_1__Actinobacteria;D_2__Rubrobacteria;D_3__Rubrobacterales;D_4__Rubrobacteriaceae	0.0	5.65397663023e-05	0.0	2.73560388456e-05	0.0	2.06100577082e-05	5.93647966756e-05	3.25118668314e-05	1.555669638e-05	0.0	0.0	2.36860181435e-05	2.9322073657e-05	3.07205505123e-05	2.20794418317e-05	0.0	2.35133673493e-05	0.0	0.0	3.25420198832e-05	0.0	2.10868144149e-05	1.25828897865e-05	0.0	4.02933354823e-05	0.0	2.68168409761e-05	2.96788745771e-05	2.493952166e-05	1.08000691204e-05	1.48126203525e-05	3.03674460978e-05	3.59815774324e-05	0.0	0.0	0.0	0.0	0.0	1.56103652825e-05	0.0	0.0	1.52674086627e-05	0.0	0.0	0.0	4.92065444704e-05
D_0__Bacteria;D_1__Actinobacteria;D_2__Thermoleophilia;D_3__Solirubrobacterales;D_4__0319-6M6	0.0	1.88465887674e-05	0.0	0.0	0.0	0.0	2.96823983378e-05	1.62559334157e-05	0.0	0.0	1.98227843083e-05	0.0	1.46610368285e-05	0.0	0.0	0.0	0.0	0.0	0.0	0.0	0.0	2.10868144149e-05	0.0	0.0	0.0	2.10061968281e-05	0.0	0.0	0.0	0.0	1.48126203525e-05	3.03674460978e-05	0.0	0.0	0.0	0.0	0.0	1.48192056906e-05	0.0	1.71794739645e-05	0.0	1.52674086627e-05	1.59398112726e-05	1.9398265795e-05	0.0	0.0
D_0__Bacteria;D_1__Actinobacteria;D_2__Thermoleophilia;D_3__Solirubrobacterales;D_4__480-2	1.34736388256e-05	1.88465887674e-05	0.0	0.0	1.34426670251e-05	2.06100577082e-05	2.96823983378e-05	0.0	0.0	1.94783692709e-05	0.0	2.36860181435e-05	1.46610368285e-05	3.07205505123e-05	0.0	0.0	0.0	0.0	1.23770035274e-05	0.0	0.0	0.0	0.0	2.1542438604e-05	0.0	0.0	0.0	1.48394372885e-05	1.246976083e-05	1.08000691204e-05	0.0	0.0	0.0	0.0	0.0	1.51542704734e-05	2.26942628903e-05	1.48192056906e-05	0.0	1.71794739645e-05	0.0	1.52674086627e-05	0.0	0.0	0.0	0.0
D_0__Bacteria;D_1__Actinobacteria;D_2__Thermoleophilia;D_3__Solirubrobacterales;D_4__Patulibacteraceae	0.0	0.0	0.0	0.0	0.0	0.0	0.0	0.0	0.0	0.0	0.0	0.0	0.0	0.0	0.0	0.0	0.0	0.0	2.47540070549e-05	0.0	0.0	0.0	0.0	0.0	0.0	0.0	0.0	0.0	0.0	0.0	0.0	0.0	0.0	0.0	0.0	0.0	0.0	0.0	0.0	0.0	0.0	0.0	0.0	0.0	0.0	0.0
D_0__Bacteria;D_1__Armatimonadetes;D_2__Armatimonadia;D_3__Armatimonadales;D_4__uncultured bacterium	0.0	0.0	2.84002158416e-05	0.0	0.0	0.0	5.93647966756e-05	0.0	0.0	0.0	0.0	0.0	0.0	0.0	0.0	0.0	0.0	0.0	0.0	0.0	0.0	0.0	0.0	0.0	0.0	0.0	0.0	0.0	0.0	0.0	0.0	0.0	0.0	0.0	0.0	0.0	0.0	0.0	0.0	0.0	0.0	0.0	0.0	0.0	0.0	0.0
D_0__Bacteria;D_1__Armatimonadetes;D_2__uncultured bacterium;D_3__uncultured bacterium;D_4__uncultured bacterium	1.34736388256e-05	0.0	0.0	0.0	0.0	0.0	0.0	0.0	0.0	0.0	1.98227843083e-05	0.0	0.0	0.0	0.0	0.0	0.0	0.0	0.0	0.0	0.0	0.0	0.0	0.0	0.0	2.10061968281e-05	2.68168409761e-05	0.0	0.0	1.08000691204e-05	0.0	0.0	0.0	0.0	0.0	0.0	0.0	0.0	0.0	0.0	0.0	0.0	0.0	0.0	0.0	0.0
D_0__Bacteria;D_1__Bacteroidetes;D_2__Bacteroidia;D_3__Bacteroidales;D_4__Porphyromonadaceae	0.0	0.0	0.0	0.0	0.0	0.0	0.0	0.0	0.0	0.0	0.0	0.0	0.0	0.0	0.0	0.0	0.0	0.0	0.0	0.0	0.0	0.0	0.0	0.0	0.0	0.0	0.0	0.0	0.0	0.0	0.0	0.0	0.0	0.0	0.0	0.0	0.0	2.96384113811e-05	0.0	0.0	0.0	0.0	0.0	0.0	0.0	0.0
D_0__Bacteria;D_1__Bacteroidetes;D_2__Bacteroidia;D_3__Bacteroidales;D_4__Prevotellaceae	0.0	0.0	0.0	0.0	0.0	0.0	0.0	0.0	0.0	0.0	0.0	0.0	0.0	0.0	0.0	0.0	0.0	0.0	0.0	0.0	0.0	0.0	0.0	0.0	0.0	0.0	0.0	0.0	0.0	1.08000691204e-05	0.0	0.0	0.0	0.0	0.0	1.51542704734e-05	0.0	0.0	0.0	0.0	0.0	0.0	0.0	0.0	0.0	0.0
D_0__Bacteria;D_1__Bacteroidetes;D_2__Cytophagia;D_3__Cytophagales;D_4__Cytophagaceae	0.0	0.0	0.0	0.0	0.0	0.0	0.0	0.0	0.0	1.94783692709e-05	1.98227843083e-05	2.36860181435e-05	0.0	0.0	0.0	0.0	0.0	0.0	0.0	1.62710099416e-05	0.0	0.0	0.0	0.0	0.0	0.0	0.0	0.0	0.0	2.16001382409e-05	0.0	0.0	0.0	0.0	0.0	0.0	0.0	0.0	0.0	0.0	0.0	0.0	0.0	0.0	0.0	0.0
D_0__Bacteria;D_1__Bacteroidetes;D_2__Cytophagia;D_3__Cytophagales;D_4__Flammeovirgaceae	0.0	0.0	0.0	1.36780194228e-05	0.0	0.0	0.0	0.0	0.0	0.0	0.0	0.0	0.0	0.0	0.0	0.0	0.0	0.0	0.0	0.0	0.0	2.10868144149e-05	0.0	0.0	0.0	0.0	2.68168409761e-05	0.0	0.0	0.0	0.0	0.0	0.0	3.32104546511e-05	1.28969021641e-05	0.0	0.0	0.0	1.56103652825e-05	0.0	0.0	0.0	0.0	0.0	0.0	0.0
D_0__Bacteria;D_1__Bacteroidetes;D_2__Cytophagia;D_3__Cytophagales;D_4__MWH-CFBk5	0.0	0.0	0.0	0.0	0.0	0.0	2.96823983378e-05	0.0	0.0	0.0	0.0	0.0	0.0	0.0	0.0	0.0	0.0	0.0	0.0	0.0	0.0	0.0	1.25828897865e-05	0.0	0.0	0.0	0.0	0.0	1.246976083e-05	0.0	0.0	0.0	0.0	1.66052273256e-05	0.0	0.0	0.0	0.0	0.0	1.71794739645e-05	0.0	0.0	0.0	0.0	0.0	0.0
D_0__Bacteria;D_1__Bacteroidetes;D_2__Cytophagia;D_3__Order II;D_4__Rhodothermaceae	0.0862447621229	0.139690915944	0.0909942915566	0.0787717138558	0.0927544024735	0.0966199505359	0.125972098546	0.144303920931	0.154820242373	0.123473382808	0.182310147283	0.17530022028	0.143062397373	0.146752069797	0.155152237751	0.109865553668	0.150391497566	0.122717721223	0.204270066217	0.202167298524	0.132848308476	0.0875313666364	0.181017452468	0.161912968548	0.121162059795	0.130721562861	0.138911236256	0.149017629251	0.119722173729	0.123379989632	0.127373722411	0.168812632858	0.147398531952	0.0718840290924	0.149126879723	0.138237255259	0.114515250545	0.143909306461	0.0545738370278	0.0869109587864	0.100899150254	0.120704132888	0.149021295588	0.15920156738	0.122933685398	0.145897404355
D_0__Bacteria;D_1__Bacteroidetes;D_2__Flavobacteriia;D_3__Flavobacteriales;D_4__Cryomorphaceae	1.34736388256e-05	0.0	0.0	1.36780194228e-05	2.68853340503e-05	0.0	0.0	6.50237336628e-05	1.555669638e-05	0.0	0.0	2.36860181435e-05	0.0	0.0	4.41588836634e-05	5.54037083549e-05	2.35133673493e-05	0.0	0.000173278049384	0.0	0.0	0.0	0.0	4.30848772081e-05	0.0	0.0	0.0	0.000652935240696	0.0001246976083	0.00259201658891	0.00011850096282	0.000334041907076	5.39723661485e-05	0.000647603865697	2.57938043282e-05	0.0	0.000590050835149	0.000281564908121	0.00012488292226	1.71794739645e-05	0.0	6.10696346509e-05	4.78194338179e-05	1.9398265795e-05	2.75050196661e-05	0.0
D_0__Bacteria;D_1__Bacteroidetes;D_2__Flavobacteriia;D_3__Flavobacteriales;D_4__Flavobacteriaceae	0.0	0.0	0.0	0.0	0.0	0.0	0.0	0.0	0.0	0.0	0.0	0.0	0.0	0.0	0.0	0.0	0.0	0.0	0.0	0.0	0.0	0.0	0.0	0.0	0.0	0.0	0.0	0.0	1.246976083e-05	1.08000691204e-05	0.0	0.0	0.0	0.0	0.0	0.0	0.0	0.0	0.0	0.0	0.0	0.0	0.0	0.0	0.0	0.0
D_0__Bacteria;D_1__Bacteroidetes;D_2__Sphingobacteriia;D_3__Sphingobacteriales;D_4__Chitinophagaceae	4.04209164769e-05	3.76931775349e-05	0.000284002158416	4.10340582684e-05	9.4098669176e-05	2.06100577082e-05	2.96823983378e-05	0.000178815267573	3.11133927599e-05	3.89567385418e-05	0.0	2.36860181435e-05	5.86441473141e-05	0.0	0.0	0.0	2.35133673493e-05	2.33481204763e-05	6.18850176372e-05	1.62710099416e-05	4.36522371772e-05	0.000105434072075	0.000176160457011	0.00010771219302	4.02933354823e-05	2.10061968281e-05	2.68168409761e-05	0.000118715498308	0.00022445569494	0.000216001382409	7.40631017627e-05	9.11023382933e-05	0.000125935521013	1.66052273256e-05	9.02783151487e-05	6.06170818937e-05	0.000476579520697	0.000592768227623	0.000249765844521	0.000618461062722	0.000115275673539	0.00338936472313	0.00742795205305	0.0019398265795	0.00361691008609	0.00169762578423
D_0__Bacteria;D_1__Bacteroidetes;D_2__Sphingobacteriia;D_3__Sphingobacteriales;D_4__Sphingobacteriaceae	0.0	0.0	0.0	0.0	0.0	0.0	0.0	0.0	0.0	0.0	1.98227843083e-05	0.0	1.46610368285e-05	0.0	4.41588836634e-05	0.0	0.0	0.0	1.23770035274e-05	1.62710099416e-05	0.0	0.0	0.0	0.0	0.0	0.0	0.0	1.48394372885e-05	0.0	0.0	0.0	0.0	0.0	0.0	0.0	0.0	0.0	0.0	0.0	0.0	0.0	0.0	3.18796225453e-05	0.0	0.0	0.0
D_0__Bacteria;D_1__Chloroflexi;D_2__Ardenticatenia;D_3__Ardenticatenales;D_4__uncultured bacterium	0.0	0.0	0.0	0.0	0.0	0.0	0.0	0.0	0.0	0.0	0.0	0.0	0.0	0.0	0.0	0.0	0.0	0.0	0.0	0.0	0.0	0.0	0.0	0.0	0.0	0.0	0.0	0.0	0.0	2.16001382409e-05	0.0	0.0	0.0	0.0	0.0	0.0	0.0	0.0	1.56103652825e-05	0.0	0.0	1.52674086627e-05	0.0	0.0	0.0	0.0
D_0__Bacteria;D_1__Chloroflexi;D_2__Ktedonobacteria;D_3__C0119;Other	0.0	0.0	0.0	0.0	0.0	0.0	0.0	0.0	0.0	0.0	0.0	0.0	0.0	0.0	0.0	0.0	0.0	0.0	0.0	0.0	0.0	0.0	0.0	0.0	0.0	0.0	0.0	0.0	0.0	2.16001382409e-05	0.0	0.0	0.0	0.0	0.0	0.0	0.0	1.48192056906e-05	0.0	0.0	0.0	0.0	0.0	0.0	0.0	0.0
D_0__Bacteria;D_1__Chloroflexi;D_2__Thermomicrobia;D_3__JG30-KF-CM45;D_4__uncultured bacterium	0.0	0.0	2.84002158416e-05	1.36780194228e-05	0.0	4.12201154163e-05	0.000237459186702	1.62559334157e-05	0.0	1.94783692709e-05	0.0	0.0	2.9322073657e-05	3.07205505123e-05	8.83177673268e-05	0.0	7.0540102048e-05	4.66962409526e-05	3.71310105823e-05	1.62710099416e-05	1.45507457257e-05	4.21736288299e-05	1.25828897865e-05	2.1542438604e-05	4.02933354823e-05	4.20123936561e-05	2.68168409761e-05	2.96788745771e-05	1.246976083e-05	3.24002073613e-05	2.96252407051e-05	9.11023382933e-05	0.0	1.66052273256e-05	1.28969021641e-05	1.51542704734e-05	4.53885257807e-05	0.0	0.0	1.71794739645e-05	1.64679533628e-05	1.52674086627e-05	0.0	5.81947973851e-05	0.0	9.84130889408e-05
D_0__Bacteria;D_1__Cyanobacteria;D_2__Chloroplast;D_3__uncultured Chlorophyta;D_4__uncultured Chlorophyta	2.69472776513e-05	0.0	0.000113600863367	2.73560388456e-05	2.68853340503e-05	2.06100577082e-05	0.0	1.62559334157e-05	0.0	5.84351078128e-05	3.96455686166e-05	0.0	5.86441473141e-05	0.0	2.20794418317e-05	3.69358055699e-05	2.35133673493e-05	0.0	0.0	8.13550497079e-05	2.91014914514e-05	2.10868144149e-05	2.51657795729e-05	4.30848772081e-05	0.0	0.0	5.36336819523e-05	1.48394372885e-05	1.246976083e-05	1.08000691204e-05	1.48126203525e-05	0.0	0.0	1.66052273256e-05	2.57938043282e-05	0.0	4.53885257807e-05	1.48192056906e-05	1.56103652825e-05	5.15384218935e-05	4.94038600883e-05	6.10696346509e-05	1.59398112726e-05	0.0	1.3752509833e-05	0.0
D_0__Bacteria;D_1__Cyanobacteria;D_2__Chloroplast;D_3__uncultured bacterium;D_4__uncultured bacterium	0.000821891968364	0.000810403317	0.000255601942575	0.000547120776912	0.000618362683156	0.000391591096455	0.0013357079252	0.00131673060667	0.000886731693658	0.0012076588948	0.000911848078181	0.000710580544305	0.00145144264602	0.00170499055343	0.00108189264975	0.000627908694689	0.000611347551083	0.000513658650479	0.000742620211647	0.000732195447371	0.000436522371772	0.000484996731544	0.000893385174839	0.000603188280913	0.000926746716093	0.00243671883206	0.000697237865379	0.00100908173562	0.00042397186822	0.000367202350095	0.000355502888461	0.000607348921956	0.000341824985607	0.000498156819767	0.000554566793056	0.000591016548463	0.000771604938272	0.000933609958506	0.000499531689042	0.000309230531361	0.000444634740794	0.000183208903953	0.000318796225453	0.000465558379081	0.00031630772616	0.000516668716939
D_0__Bacteria;D_1__Cyanobacteria;D_2__Chloroplast;D_3__uncultured eukaryote;D_4__uncultured eukaryote	0.0	1.88465887674e-05	0.0	0.0	0.0	0.0	0.0	0.0	0.0	0.0	0.0	0.0	0.0	1.53602752561e-05	0.0	0.0	0.0	2.33481204763e-05	0.0	0.0	0.0	0.0	0.0	0.0	0.0	0.0	0.0	0.0	0.0	0.0	0.0	0.0	0.0	0.0	0.0	0.0	0.0	0.0	0.0	0.0	0.0	0.0	0.0	0.0	0.0	0.0
D_0__Bacteria;D_1__Cyanobacteria;D_2__Chloroplast;D_3__uncultured organism;D_4__uncultured organism	0.0	0.0	0.0	1.36780194228e-05	1.34426670251e-05	0.0	0.0	0.0	0.0	0.0	0.0	0.0	0.0	0.0	0.0	0.0	2.35133673493e-05	0.0	0.0	0.0	1.45507457257e-05	2.10868144149e-05	0.0	0.0	0.0	0.0	2.68168409761e-05	0.0	1.246976083e-05	0.0	0.0	0.0	0.0	0.0	1.28969021641e-05	0.0	2.26942628903e-05	0.0	0.0	0.0	0.0	3.05348173255e-05	0.0	1.9398265795e-05	0.0	0.0
D_0__Bacteria;D_1__Cyanobacteria;D_2__Chloroplast;Other;Other	0.109554157291	0.118300037693	0.0402715060634	0.070496512105	0.0869337276516	0.0680544105523	0.134075393292	0.126666233175	0.0616978578429	0.0694403864508	0.0747517196265	0.0754636538052	0.0931562280084	0.105356127982	0.0910997769976	0.0403893033907	0.0474029485763	0.0624095260332	0.0970604616622	0.137734099156	0.0532848308476	0.0596545979799	0.107634039233	0.0690004308488	0.0734144572488	0.167566432097	0.0644408688656	0.116934765834	0.0436940419483	0.0579423708312	0.0552066360539	0.0666565441846	0.0444732297064	0.0510610740261	0.118161417627	0.114490513427	0.0789306463326	0.104149377593	0.0586481423665	0.0813619886959	0.0638791910941	0.0341837279958	0.0716016322367	0.0917537972105	0.0783205434992	0.119571903063
D_0__Bacteria;D_1__Cyanobacteria;D_2__Cyanobacteria;D_3__SubsectionI;D_4__FamilyI	2.69472776513e-05	0.0	2.84002158416e-05	1.36780194228e-05	1.34426670251e-05	2.06100577082e-05	2.96823983378e-05	3.25118668314e-05	1.555669638e-05	0.0	5.94683529249e-05	0.0	1.46610368285e-05	0.0	2.20794418317e-05	1.8467902785e-05	0.0	0.0	2.47540070549e-05	1.62710099416e-05	2.91014914514e-05	0.0	5.03315591459e-05	4.30848772081e-05	0.0	0.0	0.0	4.45183118656e-05	1.246976083e-05	4.32002764818e-05	1.48126203525e-05	0.0	3.59815774324e-05	1.66052273256e-05	2.57938043282e-05	1.51542704734e-05	2.26942628903e-05	1.48192056906e-05	1.56103652825e-05	0.0	1.64679533628e-05	1.52674086627e-05	3.18796225453e-05	0.0	5.50100393322e-05	0.0
D_0__Bacteria;D_1__Cyanobacteria;D_2__Cyanobacteria;D_3__SubsectionII;D_4__FamilyII	8.08418329538e-05	7.53863550697e-05	2.84002158416e-05	5.47120776912e-05	5.37706681006e-05	0.0	8.90471950134e-05	3.25118668314e-05	0.0	9.73918463546e-05	5.94683529249e-05	7.10580544305e-05	1.46610368285e-05	4.60808257684e-05	8.83177673268e-05	5.54037083549e-05	9.40534693974e-05	4.66962409526e-05	3.71310105823e-05	8.13550497079e-05	7.27537286286e-05	2.10868144149e-05	2.51657795729e-05	4.30848772081e-05	8.05866709646e-05	2.10061968281e-05	0.000134084204881	4.45183118656e-05	4.98790433199e-05	7.56004838431e-05	7.40631017627e-05	9.11023382933e-05	7.19631548647e-05	6.64209093022e-05	2.57938043282e-05	7.57713523671e-05	0.000113471314452	0.000148192056906	7.80518264127e-05	6.8717895858e-05	1.64679533628e-05	0.000106871860639	0.000127518490181	7.75930631802e-05	0.0	2.46032722352e-05
D_0__Bacteria;D_1__Cyanobacteria;D_2__Cyanobacteria;D_3__SubsectionIII;D_4__FamilyI	0.00433851170186	0.00203543158688	0.0045724347505	0.00433593215702	0.0024600080656	0.00521434460016	0.00851884832294	0.00382014435269	0.00759166783342	0.00580455404274	0.00146688603881	0.0031028683768	0.00388517475956	0.0075265348755	0.00757324854828	0.00238235945926	0.000917021326624	0.0013775391081	0.00793365926109	0.0100717551538	0.00352128046562	0.00164477152437	0.00583846086092	0.0048039638087	0.003424933516	0.00930574519483	0.0104585679807	0.0177182881225	0.0017457665162	0.00761404872991	0.00802844023108	0.00154873975099	0.0061168681635	0.0022749161436	0.0038432768449	0.00669818754925	0.0042211328976	0.00354179016005	0.00538557602248	0.00233640845917	0.00635662999802	0.0032366906365	0.00143458301454	0.00133848033986	0.00335561239926	0.00260794685693
D_0__Bacteria;D_1__Cyanobacteria;D_2__Cyanobacteria;D_3__SubsectionIV;D_4__FamilyI	0.0	0.0	0.0	0.0	1.34426670251e-05	0.0	0.0	0.0	0.0	0.0	0.0	2.36860181435e-05	1.46610368285e-05	1.53602752561e-05	0.0	1.8467902785e-05	0.0	0.0	0.0	3.25420198832e-05	0.0	0.0	0.0	0.0	0.0	0.0	0.0	0.0	0.0	0.0	0.0	0.0	0.0	0.0	0.0	0.0	0.0	0.0	0.0	0.0	0.0	0.0	0.0	0.0	0.0	0.0
D_0__Bacteria;D_1__Cyanobacteria;D_2__Cyanobacteria;D_3__uncultured;D_4__uncultured bacterium	0.0883197025021	0.0527139087825	0.0859958535685	0.0805908904391	0.0546444414572	0.102205276175	0.16357969724	0.0848234605631	0.177813039623	0.11246810417	0.033758201677	0.0505222767001	0.0791402768004	0.147366480807	0.145216488927	0.0425869838221	0.0152601754097	0.0284380107401	0.0290488272789	0.0493337021429	0.0457911967988	0.0167429306455	0.0100914776087	0.0281128823783	0.0843339511645	0.136246192627	0.207750067042	0.00274529589838	0.00170835723371	0.00112320718853	0.0273737224115	0.0125113877923	0.100424582614	0.0421440669523	0.0395934896438	0.08322725344	0.0805192447349	0.0758446947244	0.102591320637	0.0465907333917	0.120775969962	0.047893860975	0.0275439938791	0.0299509223875	0.0828038617048	0.0632058063722
D_0__Bacteria;D_1__Cyanobacteria;D_2__Cyanobacteria;D_3__uncultured;Other	2.69472776513e-05	1.88465887674e-05	0.0	0.0	1.34426670251e-05	0.0	0.0	1.62559334157e-05	0.0	0.0	0.0	0.0	1.46610368285e-05	0.0	2.20794418317e-05	0.0	0.0	0.0	1.23770035274e-05	0.0	0.0	0.0	1.25828897865e-05	2.1542438604e-05	0.0	0.0	0.0	0.0	0.0	1.08000691204e-05	1.48126203525e-05	0.0	0.0	0.0	1.28969021641e-05	1.51542704734e-05	0.0	0.0	0.0	0.0	0.0	0.0	0.0	1.9398265795e-05	0.0	2.46032722352e-05
D_0__Bacteria;D_1__Cyanobacteria;D_2__Cyanobacteria;Other;Other	0.0	0.0	0.0	0.0	0.0	0.0	0.0	0.0	0.0	0.0	0.0	0.0	0.0	0.0	0.0	0.0	0.0	0.0	0.0	0.0	0.0	0.0	0.0	0.0	0.0	0.0	0.0	0.0	0.0	0.0	1.48126203525e-05	3.03674460978e-05	0.0	0.0	0.0	0.0	0.0	0.0	0.0	0.0	0.0	0.0	0.0	0.0	0.0	0.0
D_0__Bacteria;D_1__Deinococcus-Thermus;D_2__Deinococci;D_3__Deinococcales;D_4__Deinococcaceae	0.0	0.0	0.0	0.0	0.0	0.0	0.0	0.0	0.0	0.0	0.0	0.0	0.0	0.0	0.0	0.0	0.0	0.0	0.0	3.25420198832e-05	0.0	0.0	0.0	0.0	0.0	0.0	0.0	0.0	0.0	0.0	0.0	0.0	0.0	1.66052273256e-05	0.0	0.0	0.0	0.0	0.0	0.0	0.0	0.0	0.0	0.0	0.0	2.46032722352e-05
D_0__Bacteria;D_1__Deinococcus-Thermus;D_2__Deinococci;D_3__Deinococcales;D_4__Trueperaceae	2.69472776513e-05	5.65397663023e-05	0.0	4.10340582684e-05	2.68853340503e-05	0.0	0.000118729593351	0.0	1.555669638e-05	5.84351078128e-05	1.98227843083e-05	4.7372036287e-05	4.39831104856e-05	0.0	2.20794418317e-05	1.8467902785e-05	7.0540102048e-05	4.66962409526e-05	4.95080141098e-05	3.25420198832e-05	1.45507457257e-05	4.21736288299e-05	0.0	0.0	8.05866709646e-05	4.20123936561e-05	0.0	2.96788745771e-05	1.246976083e-05	1.08000691204e-05	4.44378610576e-05	0.0	0.0	0.0	3.86907064923e-05	6.06170818937e-05	0.0	5.92768227623e-05	0.0	1.71794739645e-05	0.0	4.58022259882e-05	3.18796225453e-05	5.81947973851e-05	2.75050196661e-05	4.92065444704e-05
D_0__Bacteria;D_1__Firmicutes;D_2__Bacilli;D_3__Bacillales;D_4__Bacillaceae	0.0	0.0	0.0	1.36780194228e-05	0.0	0.0	0.0	0.0	1.555669638e-05	0.0	0.0	0.0	0.0	0.0	0.0	0.0	0.0	0.0	0.0	1.62710099416e-05	0.0	0.0	0.0	0.0	4.02933354823e-05	0.0	0.0	1.48394372885e-05	0.0	1.08000691204e-05	0.0	0.0	3.59815774324e-05	0.0	1.28969021641e-05	0.0	4.53885257807e-05	0.0	0.0	0.0	0.0	0.0	1.59398112726e-05	0.0	4.12575294991e-05	2.46032722352e-05
D_0__Bacteria;D_1__Firmicutes;D_2__Bacilli;D_3__Bacillales;D_4__Family XI	0.0	0.0	0.0	1.36780194228e-05	0.0	0.0	0.0	0.0	0.0	0.0	0.0	0.0	0.0	0.0	0.0	0.0	0.0	0.0	0.0	0.0	0.0	0.0	0.0	0.0	0.0	0.0	0.0	0.0	0.0	0.0	0.0	0.0	1.79907887162e-05	0.0	0.0	1.51542704734e-05	0.0	2.96384113811e-05	0.0	0.0	0.0	0.0	0.0	0.0	0.0	0.0
D_0__Bacteria;D_1__Firmicutes;D_2__Bacilli;D_3__Bacillales;D_4__Staphylococcaceae	0.0	0.0	0.0	2.73560388456e-05	5.37706681006e-05	0.0	2.96823983378e-05	3.25118668314e-05	1.555669638e-05	0.0	0.0	0.0	0.0	1.53602752561e-05	4.41588836634e-05	0.0	0.0	0.0	1.23770035274e-05	0.0	0.0	4.21736288299e-05	0.0	0.0	8.05866709646e-05	0.0	0.0	0.0	1.246976083e-05	0.000259201658891	0.0	0.000212572122684	8.99539435809e-05	0.0	2.57938043282e-05	0.0	0.0	7.40960284529e-05	6.24414611302e-05	3.4358947929e-05	1.64679533628e-05	0.0	3.18796225453e-05	3.87965315901e-05	1.3752509833e-05	0.0
D_0__Bacteria;D_1__Firmicutes;D_2__Bacilli;D_3__Lactobacillales;D_4__Aerococcaceae	0.0	0.0	0.0	0.0	0.0	0.0	0.0	0.0	0.0	0.0	0.0	0.0	0.0	0.0	0.0	0.0	0.0	0.0	0.0	0.0	0.0	2.10868144149e-05	0.0	0.0	0.0	0.0	0.0	0.0	0.0	0.0	2.96252407051e-05	0.0	0.0	0.0	0.0	0.0	0.0	0.0	0.0	0.0	0.0	0.0	0.0	0.0	0.0	0.0
D_0__Bacteria;D_1__Firmicutes;D_2__Bacilli;D_3__Lactobacillales;D_4__Carnobacteriaceae	0.0	0.0	0.0	0.0	0.0	0.0	0.0	0.0	0.0	0.0	0.0	0.0	0.0	0.0	0.0	0.0	0.0	0.0	0.0	0.0	0.0	0.0	0.0	0.0	0.0	0.0	0.0	0.0	0.0	0.0	0.0	0.0	1.79907887162e-05	1.66052273256e-05	0.0	0.0	0.0	0.0	0.0	0.0	0.0	0.0	0.0	1.9398265795e-05	0.0	0.0
D_0__Bacteria;D_1__Firmicutes;D_2__Bacilli;D_3__Lactobacillales;D_4__Streptococcaceae	0.0	0.0	0.0	1.36780194228e-05	0.0	6.18301731245e-05	0.0	0.0	0.0	0.0	0.0	0.0	0.0	0.0	0.0	0.0	0.0	0.0	0.0	3.25420198832e-05	0.0	0.0	0.0	0.0	8.05866709646e-05	0.0	0.0	0.0	1.246976083e-05	0.000183601175048	0.000103688342468	6.07348921956e-05	1.79907887162e-05	3.32104546511e-05	0.0	0.0	0.0	0.0	1.56103652825e-05	1.71794739645e-05	0.0	0.000106871860639	4.78194338179e-05	0.0	6.87625491652e-05	0.0
D_0__Bacteria;D_1__Firmicutes;D_2__Clostridia;D_3__Clostridiales;D_4__Family XI	0.0	0.0	0.0	1.36780194228e-05	1.34426670251e-05	0.0	0.0	0.0	0.0	0.0	0.0	0.0	0.0	0.0	0.0	0.0	0.0	0.0	0.0	0.0	0.0	0.0	0.0	0.0	4.02933354823e-05	0.0	0.0	0.0	0.0	1.08000691204e-05	1.48126203525e-05	6.07348921956e-05	1.79907887162e-05	0.0	1.28969021641e-05	0.0	0.0	1.48192056906e-05	1.56103652825e-05	3.4358947929e-05	0.0	0.0	0.0	0.0	0.0	0.0
D_0__Bacteria;D_1__Fusobacteria;D_2__Fusobacteriia;D_3__Fusobacteriales;D_4__Fusobacteriaceae	0.0	0.0	0.0	0.0	0.0	0.0	0.0	0.0	0.0	0.0	0.0	0.0	0.0	0.0	0.0	0.0	0.0	0.0	0.0	0.0	0.0	0.0	0.0	0.0	0.0	0.0	0.0	0.0	0.0	1.08000691204e-05	0.0	0.0	0.0	0.0	0.0	0.0	0.0	0.0	0.0	0.0	0.0	0.0	0.0	0.0	1.3752509833e-05	0.0
D_0__Bacteria;D_1__Gemmatimonadetes;D_2__Gemmatimonadetes;D_3__AT425-EubC11 terrestrial group;D_4__uncultured bacterium	0.0	0.0	0.0	0.0	0.0	0.0	0.0	0.0	0.0	0.0	0.0	0.0	0.0	0.0	0.0	0.0	0.0	0.0	0.0	0.0	0.0	0.0	0.0	0.0	0.0	0.0	0.0	0.0	1.246976083e-05	0.0	0.0	0.0	0.0	0.0	0.0	0.0	0.0	0.0	0.0	0.0	1.64679533628e-05	0.0	0.0	0.0	0.0	0.0
D_0__Bacteria;D_1__Planctomycetes;D_2__Phycisphaerae;D_3__Phycisphaerales;D_4__Phycisphaeraceae	0.00114525930018	0.00130041462495	0.00244241856238	0.000971139379018	0.00111574136309	0.00129843363561	0.00261205105373	0.00370635281878	0.00303355579409	0.000409045754689	0.000317164548933	0.000592150453587	0.000381186957542	0.00211971798535	0.000949415998764	0.000203146930635	0.00145782877566	0.000350221807145	0.00100253728572	0.00209896028246	0.000261913423063	0.000316302216224	0.000905968064626	0.000366221456269	0.000443226690305	0.00163848335259	0.00109949048002	0.000252270433905	9.97580866399e-05	0.000626404008986	0.000503629091986	0.000394776799271	0.00223085780081	0.00209225864302	0.0010059583688	0.000742559253198	0.00472040668119	0.0048755186722	0.000655635341867	0.00207871634971	0.00146564784929	0.00325195804516	0.00170555980617	0.000581947973851	0.00239293671095	0.000959527617173
D_0__Bacteria;D_1__Planctomycetes;D_2__Planctomycetacia;D_3__Planctomycetales;D_4__Planctomycetaceae	0.0	0.0	0.0	0.0	0.0	0.0	0.0	0.0	0.0	1.94783692709e-05	0.0	0.0	1.46610368285e-05	0.0	0.0	0.0	0.0	0.0	0.0	0.0	0.0	0.0	0.0	0.0	0.0	2.10061968281e-05	0.0	0.0	0.0	0.0	0.0	0.0	0.0	0.0	0.0	0.0	0.0	0.0	1.56103652825e-05	0.0	0.0	0.0	0.0	1.9398265795e-05	0.0	0.0
D_0__Bacteria;D_1__Proteobacteria;D_2__Alphaproteobacteria;D_3__Caulobacterales;D_4__Caulobacteraceae	1.34736388256e-05	1.88465887674e-05	0.0	0.0	1.34426670251e-05	4.12201154163e-05	0.0	0.0	1.555669638e-05	0.0	1.98227843083e-05	0.0	0.0	4.60808257684e-05	2.20794418317e-05	0.0	0.0	0.0	4.95080141098e-05	1.62710099416e-05	1.45507457257e-05	0.0	1.25828897865e-05	0.0	4.02933354823e-05	0.0	0.0	0.0	0.0	1.08000691204e-05	2.96252407051e-05	0.0	1.79907887162e-05	0.0	0.0	1.51542704734e-05	2.26942628903e-05	5.92768227623e-05	3.12207305651e-05	0.0	0.0	1.52674086627e-05	0.0	0.0	0.0	2.46032722352e-05
D_0__Bacteria;D_1__Proteobacteria;D_2__Alphaproteobacteria;D_3__Rhizobiales;D_4__1174-901-12	0.0	1.88465887674e-05	0.0	0.0	1.34426670251e-05	2.06100577082e-05	0.0	0.0	0.0	0.0	1.98227843083e-05	0.0	0.0	0.0	0.0	0.0	0.0	0.0	0.0	1.62710099416e-05	0.0	2.10868144149e-05	0.0	0.0	0.0	0.0	2.68168409761e-05	0.0	0.0	0.0	0.0	0.0	0.0	0.0	1.28969021641e-05	0.0	4.53885257807e-05	1.48192056906e-05	1.56103652825e-05	0.0	0.0	0.0	0.0	1.9398265795e-05	0.0	0.0
D_0__Bacteria;D_1__Proteobacteria;D_2__Alphaproteobacteria;D_3__Rhizobiales;D_4__D05-2	0.0	0.0	0.0	0.0	0.0	0.0	0.0	0.0	0.0	0.0	0.0	0.0	0.0	0.0	2.20794418317e-05	0.0	0.0	0.0	0.0	0.0	0.0	0.0	0.0	0.0	0.0	0.0	0.0	0.0	0.0	0.0	0.0	0.0	0.0	0.0	0.0	0.0	0.0	0.0	1.56103652825e-05	0.0	0.0	0.0	0.0	0.0	0.0	0.0
D_0__Bacteria;D_1__Proteobacteria;D_2__Alphaproteobacteria;D_3__Rhizobiales;D_4__JG34-KF-361	1.34736388256e-05	0.0	0.0	1.36780194228e-05	1.34426670251e-05	0.0	2.96823983378e-05	1.62559334157e-05	0.0	1.94783692709e-05	0.0	0.0	0.0	1.53602752561e-05	0.0	0.0	0.0	0.0	1.23770035274e-05	1.62710099416e-05	0.0	2.10868144149e-05	2.51657795729e-05	0.0	0.0	0.0	0.0	0.0	0.0	0.0	0.0	0.0	0.0	0.0	0.0	0.0	0.0	0.0	1.56103652825e-05	1.71794739645e-05	0.0	0.0	0.0	0.0	1.3752509833e-05	0.0
D_0__Bacteria;D_1__Proteobacteria;D_2__Alphaproteobacteria;D_3__Rhizobiales;D_4__Methylobacteriaceae	1.34736388256e-05	0.0	0.0	0.0	1.34426670251e-05	0.0	0.0	3.25118668314e-05	0.0	0.0	1.98227843083e-05	0.0	0.0	0.0	0.0	0.0	2.35133673493e-05	0.0	0.0	0.0	0.0	0.0	1.25828897865e-05	0.0	0.0	2.10061968281e-05	0.0	1.48394372885e-05	1.246976083e-05	0.0	0.0	0.0	0.0	0.0	1.28969021641e-05	0.0	0.0	0.0	3.12207305651e-05	1.71794739645e-05	1.64679533628e-05	0.0	0.0	0.0	0.0	2.46032722352e-05
D_0__Bacteria;D_1__Proteobacteria;D_2__Alphaproteobacteria;D_3__Rhodobacterales;D_4__Rhodobacteraceae	1.34736388256e-05	0.0	0.0	0.0	1.34426670251e-05	2.06100577082e-05	2.96823983378e-05	0.0	0.0	1.94783692709e-05	1.98227843083e-05	0.0	2.9322073657e-05	0.0	0.0	1.8467902785e-05	0.0	0.0	2.47540070549e-05	1.62710099416e-05	0.0	2.10868144149e-05	1.25828897865e-05	0.0	0.0	0.0	5.36336819523e-05	0.0	0.0	0.0	0.0	0.0	1.79907887162e-05	0.0	0.0	0.0	0.0	0.0	0.0	1.71794739645e-05	1.64679533628e-05	0.0	0.0	0.0	0.0	2.46032722352e-05
D_0__Bacteria;D_1__Proteobacteria;D_2__Alphaproteobacteria;D_3__Rhodospirillales;D_4__Acetobacteraceae	1.34736388256e-05	0.0	8.52006475249e-05	1.36780194228e-05	2.68853340503e-05	0.0	2.96823983378e-05	0.0	1.555669638e-05	1.94783692709e-05	1.98227843083e-05	0.0	2.9322073657e-05	1.53602752561e-05	2.20794418317e-05	0.0	0.0	2.33481204763e-05	2.47540070549e-05	4.88130298248e-05	0.0	0.0	1.25828897865e-05	0.0	0.0	4.20123936561e-05	2.68168409761e-05	0.0	1.246976083e-05	2.16001382409e-05	1.48126203525e-05	6.07348921956e-05	0.0	4.98156819767e-05	1.28969021641e-05	0.0	4.53885257807e-05	0.0	3.12207305651e-05	1.71794739645e-05	0.0	1.52674086627e-05	0.0	1.9398265795e-05	0.0	4.92065444704e-05
D_0__Bacteria;D_1__Proteobacteria;D_2__Alphaproteobacteria;D_3__Rhodospirillales;D_4__Rhodospirillaceae	0.0	0.0	0.0	0.0	0.0	0.0	0.0	0.0	0.0	0.0	0.0	2.36860181435e-05	0.0	0.0	0.0	0.0	0.0	2.33481204763e-05	0.0	0.0	0.0	0.0	0.0	0.0	0.0	2.10061968281e-05	0.0	0.0	0.0	0.0	0.0	0.0	0.0	0.0	0.0	0.0	0.0	0.0	0.0	0.0	0.0	0.0	0.0	0.0	0.0	0.0
D_0__Bacteria;D_1__Proteobacteria;D_2__Alphaproteobacteria;D_3__Sphingomonadales;D_4__AKYG937	0.0	0.0	0.0	0.0	0.0	0.0	0.0	0.0	0.0	0.0	0.0	0.0	0.0	0.0	0.0	0.0	0.0	0.0	1.23770035274e-05	0.0	0.0	0.0	0.0	0.0	0.0	0.0	0.0	1.48394372885e-05	0.0	0.0	0.0	0.0	0.0	0.0	0.0	0.0	0.0	0.0	0.0	0.0	0.0	0.0	0.0	0.0	0.0	0.0
D_0__Bacteria;D_1__Proteobacteria;D_2__Alphaproteobacteria;D_3__Sphingomonadales;D_4__Ellin6055	0.0	0.0	0.0	0.0	1.34426670251e-05	2.06100577082e-05	0.0	0.0	0.0	0.0	0.0	0.0	0.0	0.0	0.0	0.0	0.0	0.0	0.0	0.0	0.0	0.0	1.25828897865e-05	0.0	0.0	0.0	0.0	0.0	0.0	0.0	0.0	0.0	0.0	0.0	0.0	0.0	0.0	0.0	0.0	0.0	1.64679533628e-05	0.0	0.0	0.0	0.0	0.0
D_0__Bacteria;D_1__Proteobacteria;D_2__Alphaproteobacteria;D_3__Sphingomonadales;D_4__JG34-KF-161	0.0	1.88465887674e-05	0.0	1.36780194228e-05	2.68853340503e-05	0.0	0.0	0.0	0.0	0.0	0.0	0.0	0.0	0.0	2.20794418317e-05	1.8467902785e-05	0.0	0.0	1.23770035274e-05	0.0	0.0	0.0	5.03315591459e-05	0.0	0.0	0.0	0.0	0.0	0.0	2.16001382409e-05	0.0	0.0	0.0	0.0	0.0	0.0	0.0	0.0	0.0	0.0	0.0	3.05348173255e-05	0.0	1.9398265795e-05	0.0	0.0
D_0__Bacteria;D_1__Proteobacteria;D_2__Alphaproteobacteria;D_3__Sphingomonadales;D_4__Sphingomonadaceae	1.34736388256e-05	5.65397663023e-05	0.0	0.0	1.34426670251e-05	6.18301731245e-05	5.93647966756e-05	1.62559334157e-05	4.66700891399e-05	3.89567385418e-05	0.0	4.7372036287e-05	2.9322073657e-05	0.0	0.0	1.8467902785e-05	2.35133673493e-05	2.33481204763e-05	6.18850176372e-05	1.62710099416e-05	0.0	0.0	1.25828897865e-05	4.30848772081e-05	4.02933354823e-05	2.10061968281e-05	0.0	0.0	4.98790433199e-05	3.24002073613e-05	1.48126203525e-05	3.03674460978e-05	1.79907887162e-05	0.0	1.28969021641e-05	3.03085409468e-05	2.26942628903e-05	2.96384113811e-05	3.12207305651e-05	1.71794739645e-05	3.29359067255e-05	1.52674086627e-05	1.59398112726e-05	3.87965315901e-05	1.3752509833e-05	0.0
D_0__Bacteria;D_1__Proteobacteria;D_2__Alphaproteobacteria;D_3__Sphingomonadales;Other	0.0	0.0	0.0	0.0	0.0	0.0	0.0	0.0	0.0	0.0	0.0	0.0	0.0	0.0	0.0	1.8467902785e-05	0.0	0.0	0.0	0.0	0.0	0.0	0.0	2.1542438604e-05	0.0	2.10061968281e-05	0.0	0.0	0.0	0.0	0.0	0.0	0.0	1.66052273256e-05	0.0	0.0	0.0	0.0	0.0	0.0	0.0	0.0	0.0	0.0	0.0	0.0
D_0__Bacteria;D_1__Proteobacteria;D_2__Betaproteobacteria;D_3__Burkholderiales;D_4__Comamonadaceae	0.0	0.0	0.0	0.0	1.34426670251e-05	0.0	0.0	0.0	0.0	0.0	0.0	0.0	0.0	0.0	0.0	0.0	0.0	0.0	0.0	0.0	0.0	2.10868144149e-05	0.0	0.0	0.0	0.0	0.0	0.0	0.0	0.0	0.0	0.0	0.0	0.0	0.0	0.0	0.0	0.0	0.0	0.0	0.0	0.0	0.0	0.0	0.0	0.0
D_0__Bacteria;D_1__Proteobacteria;D_2__Betaproteobacteria;D_3__Burkholderiales;D_4__Oxalobacteraceae	0.0	0.0	2.84002158416e-05	0.0	0.0	0.0	0.0	0.0	0.0	1.94783692709e-05	0.0	0.0	0.0	0.0	0.0	0.0	0.0	0.0	0.0	0.0	0.0	0.0	0.0	0.0	0.0	0.0	0.0	0.0	0.0	0.0	0.0	0.0	0.0	0.0	0.0	0.0	0.0	0.0	0.0	0.0	0.0	0.0	0.0	0.0	0.0	0.0
D_0__Bacteria;D_1__Proteobacteria;D_2__Betaproteobacteria;D_3__Neisseriales;D_4__Neisseriaceae	0.0	0.0	2.84002158416e-05	4.10340582684e-05	2.68853340503e-05	0.0	0.0	0.0	0.0	0.0	0.0	2.36860181435e-05	1.46610368285e-05	0.0	2.20794418317e-05	0.0	0.0	0.0	0.0	0.0	0.0	0.0	0.0	0.0	0.000201466677412	0.0	0.0	0.0	2.493952166e-05	3.24002073613e-05	1.48126203525e-05	0.0	7.19631548647e-05	1.66052273256e-05	0.0	1.51542704734e-05	0.0	8.89152341434e-05	0.0	0.0	0.0	9.16044519764e-05	0.0	0.0	5.50100393322e-05	0.0
D_0__Bacteria;D_1__Proteobacteria;D_2__Deltaproteobacteria;D_3__Desulfuromonadales;D_4__GR-WP33-58	0.00264083320982	0.00252544289484	0.00252761920991	0.00266721378744	0.00303804274768	0.000886232481451	0.00163253190858	0.00572208856233	0.00360915356015	0.00171409649584	0.00164529109759	0.000805324616879	0.00479415904293	0.00196611523278	0.00077278046411	0.00149590012558	0.00216322979614	0.000326873686668	0.000878767250449	0.000829821507021	0.000145507457257	0.000506083545959	0.000754973387188	0.000990952175786	0.000483520025788	0.000210061968281	0.000884955752212	0.00176589303734	0.00406514203058	0.0114156730603	0.00509554140127	0.00282417248709	0.00341824985607	0.00469927933313	0.00205060744409	0.00128811299024	0.00349491648511	0.00297866034381	0.00435529191383	0.0034358947929	0.00174560305645	0.00129772973633	0.00264600867126	0.00192042831371	0.00204912396512	0.00413334973551
D_0__Bacteria;D_1__Proteobacteria;D_2__Deltaproteobacteria;D_3__Myxococcales;D_4__KD3-10	0.0	0.0	0.0	0.0	0.0	0.0	0.0	0.0	1.555669638e-05	0.0	0.0	0.0	0.0	0.0	0.0	0.0	0.0	0.0	0.0	0.0	0.0	0.0	0.0	0.0	0.0	0.0	0.0	0.0	0.0	1.08000691204e-05	0.0	0.0	0.0	0.0	0.0	0.0	0.0	0.0	0.0	0.0	0.0	0.0	0.0	0.0	0.0	2.46032722352e-05
D_0__Bacteria;D_1__Proteobacteria;D_2__Deltaproteobacteria;D_3__Myxococcales;D_4__Polyangiaceae	0.0	0.0	0.0	0.0	0.0	0.0	0.0	0.0	0.0	1.94783692709e-05	0.0	0.0	0.0	0.0	0.0	0.0	0.0	0.0	0.0	0.0	0.0	0.0	0.0	0.0	0.0	0.0	0.0	0.0	0.0	0.0	0.0	0.0	0.0	0.0	0.0	0.0	0.0	0.0	0.0	1.71794739645e-05	0.0	0.0	0.0	0.0	0.0	0.0
D_0__Bacteria;D_1__Proteobacteria;D_2__Gammaproteobacteria;D_3__Alteromonadales;D_4__Shewanellaceae	1.34736388256e-05	3.76931775349e-05	0.000284002158416	0.000177814252496	0.000161312004302	4.12201154163e-05	0.0	0.0	0.0	3.89567385418e-05	1.98227843083e-05	2.36860181435e-05	0.0	0.0	0.0	1.8467902785e-05	0.0	0.0	0.0	0.0	5.82029829029e-05	6.32604432448e-05	2.51657795729e-05	2.1542438604e-05	0.0	0.0	0.0	2.96788745771e-05	3.740928249e-05	0.000453602903059	8.88757221152e-05	0.0	0.0	3.32104546511e-05	0.000180556630297	0.000166696975208	0.0	0.0	0.000202934748673	0.000137435791716	1.64679533628e-05	7.63370433136e-05	0.000111578678908	0.00019398265795	8.25150589983e-05	4.92065444704e-05
D_0__Bacteria;D_1__Proteobacteria;D_2__Gammaproteobacteria;D_3__Chromatiales;D_4__Ectothiorhodospiraceae	0.0041498807583	0.00427817565021	0.00247081877822	0.00470523868144	0.00309181341578	0.000721352019786	0.00371029979222	0.00868066844398	0.00530483346557	0.00149983443386	0.00325093662656	0.00161064923376	0.00540992258973	0.00537609633965	0.00328983683292	0.00101573465317	0.0018575560206	0.00406257296288	0.00399777213937	0.00379114531639	0.000421971626046	0.000274128587394	0.00100663118292	0.000603188280913	0.000805866709646	0.00308791093373	0.00244033252883	0.00241882827803	0.00027433473826	0.00192241230344	0.00316990075544	0.00121469784391	0.00573906160046	0.00293912523662	0.00167659728133	0.00168212402255	0.00542392883079	0.00561647895673	0.00174836091165	0.00338435637101	0.00258546867795	0.00169468236156	0.0022156337669	0.000814727163392	0.00195285639629	0.000959527617173
D_0__Bacteria;D_1__Proteobacteria;D_2__Gammaproteobacteria;D_3__Enterobacteriales;D_4__Enterobacteriaceae	0.0	0.0	0.0	0.0	0.0	0.0	0.0	0.0	0.0	0.0	0.0	0.0	1.46610368285e-05	0.0	0.0	0.0	0.0	0.0	0.0	0.0	0.0	0.0	0.0	0.0	0.000120880006447	0.0	0.0	0.0	0.0	0.0	0.0	0.0	1.79907887162e-05	0.0	0.0	0.0	0.0	2.96384113811e-05	0.0	0.0	0.0	0.0	0.0	0.0	0.0	0.0
D_0__Bacteria;D_1__Proteobacteria;D_2__Gammaproteobacteria;D_3__Oceanospirillales;D_4__Halomonadaceae	8.08418329538e-05	0.000113079532605	0.00110760841782	0.00101217343729	0.000833445355559	6.18301731245e-05	0.0	0.0	0.0	3.89567385418e-05	5.94683529249e-05	4.7372036287e-05	0.0	0.0	0.0	3.69358055699e-05	0.000117566836747	0.0	4.95080141098e-05	4.88130298248e-05	2.91014914514e-05	0.000253041772979	6.29144489323e-05	0.000172339508832	0.0	0.0	0.0	5.93577491542e-05	0.00016210689079	0.00154440988422	0.000355502888461	0.0	0.0	0.00014944704593	0.000322422554103	0.00062132508941	0.0	0.0	0.000593193880737	0.000412307375148	0.000263487253804	0.00033588299058	0.000270976791635	0.000252177455335	0.000233792667162	0.000123016361176
D_0__Bacteria;D_1__Proteobacteria;D_2__Gammaproteobacteria;D_3__Pasteurellales;D_4__Pasteurellaceae	0.0	0.0	0.0	0.0	0.0	2.06100577082e-05	0.0	0.0	0.0	0.0	0.0	0.0	0.0	0.0	0.0	0.0	0.0	0.0	0.0	0.0	0.0	0.0	1.25828897865e-05	0.0	0.0	0.0	0.0	0.0	0.0	0.0	0.0	0.0	0.0	0.0	0.0	0.0	0.0	0.0	0.0	0.0	0.0	0.0	0.0	0.0	0.0	0.0
D_0__Bacteria;D_1__Proteobacteria;D_2__Gammaproteobacteria;D_3__Pseudomonadales;D_4__Moraxellaceae	0.0	0.0	0.0	1.36780194228e-05	0.0	2.06100577082e-05	0.0	0.0	0.0	0.0	0.0	0.0	0.0	0.0	0.0	0.0	0.0	0.0	0.0	0.0	0.0	0.0	0.0	0.0	0.0	0.0	0.0	0.0	0.0	0.0	0.0	0.0	0.0	0.0	0.0	0.0	0.0	0.0	0.0	0.0	0.0	0.0	0.0	0.0	0.0	0.0
D_0__Bacteria;D_1__TM6;D_2__uncultured bacterium;D_3__uncultured bacterium;D_4__uncultured bacterium	0.0	1.88465887674e-05	0.0	0.0	0.0	0.0	0.0	0.0	0.0	0.0	0.0	0.0	0.0	0.0	0.0	0.0	0.0	0.0	0.0	0.0	0.0	0.0	0.0	0.0	0.0	0.0	0.0	4.45183118656e-05	0.0	0.0	0.0	0.0	1.79907887162e-05	0.0	0.0	0.0	0.0	0.0	0.0	0.0	0.0	0.0	0.0	0.0	0.0	0.0
D_0__Bacteria;D_1__Verrucomicrobia;D_2__Spartobacteria;D_3__Chthoniobacterales;D_4__Chthoniobacteraceae	0.0	0.0	0.0	0.0	0.0	0.0	0.0	0.0	0.0	0.0	0.0	4.7372036287e-05	0.0	0.0	0.0	0.0	0.0	0.0	0.0	0.0	0.0	0.0	0.0	0.0	0.0	0.0	0.0	0.0	0.0	0.0	0.0	0.0	0.0	0.0	0.0	0.0	0.0	0.0	0.0	0.0	0.0	0.0	0.0	0.0	0.0	0.0
D_0__Bacteria;D_1__Verrucomicrobia;D_2__Spartobacteria;D_3__Chthoniobacterales;D_4__DA101 soil group	0.0	0.0	0.0	0.0	0.0	0.0	0.0	0.0	0.0	0.0	0.0	0.0	1.46610368285e-05	1.53602752561e-05	2.20794418317e-05	0.0	0.0	0.0	0.0	1.62710099416e-05	0.0	2.10868144149e-05	0.0	0.0	0.0	0.0	0.0	0.0	0.0	0.0	0.0	0.0	0.0	0.0	0.0	0.0	0.0	0.0	0.0	0.0	0.0	0.0	0.0	0.0	0.0	0.0
Unassigned;Other;Other;Other;Other	0.0135140597421	0.0321522804372	0.0262701996535	0.0156750102585	0.0204866245463	0.0175597691674	0.0293558919561	0.0447850965602	0.0394362253232	0.0250491828824	0.01131880984	0.0129088798882	0.0506538822426	0.0370336236425	0.0244640215495	0.0150513407697	0.0214912177573	0.00919915946766	0.00710440002475	0.0114547909989	0.00491815205529	0.00735929823082	0.00758748254124	0.00568720379147	0.00942864050286	0.0219724818822	0.0194422097077	0.00467442274589	0.00396538394394	0.00762484879903	0.00756924900015	0.00637716368053	0.0317717328728	0.0227657666633	0.00891175939539	0.00853185427654	0.0476806463326	0.0299051570836	0.0188261005308	0.0199625487468	0.0113134839602	0.0363822348433	0.0287235399133	0.00645962250975	0.0327997359518	0.0140238651741