# Constructed from biom file
#OTU ID	H2-A-B	H2-A-M	H2-A-T	H2-B-B	H2-B-M	H2-B-T	H2-C-B	H2-C-M	H2-C-T	H3-A-B	H3-A-M	H3-A-T	H3-B-B	H3-B-M	H3-B-T	H3-C-B	H3-C-M	H3-C-T	H4-A-B	H4-A-M	H4-A-T	H4-B-B	H4-B-M	H4-B-T	H4-C-B	H4-C-M	H4-C-T	H5-A-M	H5-B-B	H5-B-M	H5-B-T	H5-C-B	H5-C-T	H6-A-B	H6-A-M	H6-A-T	H6-B-B	H6-B-M	H6-C-B	H6-C-M	H6-C-T	H7-B-B	H7-B-M	H7-B-T	H7-C-M	H7-C-T
D_0__Archaea;D_1__Euryarchaeota	0.683329066681	0.606822465134	0.723779500724	0.726480645603	0.709786261594	0.702308326463	0.513416444049	0.519994798101	0.519531432305	0.657278092678	0.687176640831	0.674198820436	0.61445871452	0.51903906118	0.55894106997	0.784627317722	0.744104023137	0.767989726827	0.645856798069	0.579671000179	0.757118952346	0.823819665563	0.680180690297	0.725678586816	0.700378757354	0.49755277807	0.548833467418	0.695702498961	0.822380726738	0.776654570589	0.752851429418	0.733495293046	0.597564047208	0.779681843844	0.664280739766	0.634251682124	0.61102033406	0.587092471844	0.74169528567	0.716487141164	0.668631842435	0.715446037344	0.692473221117	0.703167736804	0.647124350194	0.641653339894
D_0__Archaea;D_1__Nanohaloarchaeota	0.00140125843787	0.00216735770825	0.00178921359802	0.00247572151552	0.00302460008066	0.000824402308326	0.00178094390027	0.00356004941804	0.00283131874115	0.000506437601044	0.000614506313557	0.000521092399157	0.000762373915083	0.00354822358417	0.00196507032302	0.000461697569624	0.00333889816361	0.00133084286715	0.00113868432453	0.000439317268423	0.000843943252092	0.000695864875693	0.00166094145181	0.000517018526497	0.00153114674833	0.00279382417813	0.00160901045857	0.00231495221701	0.000748185649799	0.00120960774149	0.00180713968301	0.00185241421196	0.00358016695452	0.000963103184883	0.00232144238954	0.000788022064618	0.00149782135076	0.00137818612922	0.00151420543241	0.0010651273858	0.00047757064752	0.00129772973633	0.00298074470798	0.000814727163392	0.00159529114063	0.00162381596752
D_0__Archaea;D_1__Thaumarchaeota	0.0	1.88465887674e-05	0.0	0.0	0.0	0.0	0.0	0.0	0.0	0.0	0.0	0.0	0.0	0.0	0.0	0.0	2.35133673493e-05	0.0	0.0	0.0	0.0	0.0	0.0	2.1542438604e-05	0.0	0.0	0.0	0.0	0.0	0.0	0.0	0.0	0.0	3.32104546511e-05	0.0	0.0	0.0	0.0	0.0	0.0	0.0	0.0	0.0	0.0	0.0	0.0
D_0__Bacteria;D_1__Acidobacteria	1.34736388256e-05	1.88465887674e-05	8.52006475249e-05	1.36780194228e-05	4.03280010754e-05	4.12201154163e-05	5.93647966756e-05	4.87678002471e-05	0.0	7.79134770837e-05	0.0	7.10580544305e-05	2.9322073657e-05	4.60808257684e-05	0.0	0.0	4.70267346987e-05	2.33481204763e-05	7.42620211647e-05	0.000113897069591	2.91014914514e-05	2.10868144149e-05	5.03315591459e-05	8.61697544162e-05	4.02933354823e-05	4.20123936561e-05	5.36336819523e-05	1.48394372885e-05	1.246976083e-05	4.32002764818e-05	1.48126203525e-05	6.07348921956e-05	5.39723661485e-05	1.66052273256e-05	6.44845108205e-05	4.54628114203e-05	0.000113471314452	4.44576170717e-05	3.12207305651e-05	1.71794739645e-05	4.94038600883e-05	4.58022259882e-05	4.78194338179e-05	1.9398265795e-05	2.75050196661e-05	2.46032722352e-05
D_0__Bacteria;D_1__Actinobacteria	0.00409598620299	0.0366754617414	0.016500525404	0.0106688551498	0.0204731818793	0.00340065952185	0.013178984862	0.0521165225307	0.0232417043917	0.000545394339586	0.00206156956806	0.00376607688481	0.00240441003988	0.021949833341	0.00896425338367	0.000960330944818	0.0104399351031	0.00100396918048	0.000222786063494	0.000976260596495	5.82029829029e-05	0.000189781329735	0.00181193612925	0.00103403705299	0.0027399468128	0.0261317088541	0.00294985250737	0.00430343681368	0.00033668354241	0.0043848280629	0.00958376536809	0.00258123291831	0.0562392055268	0.0177841984657	0.00751889396167	0.00830454021943	0.0455927741467	0.0382335506817	0.00788323446769	0.0345135631947	0.0207660891904	0.0299546557963	0.0110781688345	0.000698337568621	0.0200511593366	0.00255874031246
D_0__Bacteria;D_1__Armatimonadetes	1.34736388256e-05	0.0	2.84002158416e-05	0.0	0.0	0.0	5.93647966756e-05	0.0	0.0	0.0	1.98227843083e-05	0.0	0.0	0.0	0.0	0.0	0.0	0.0	0.0	0.0	0.0	0.0	0.0	0.0	0.0	2.10061968281e-05	2.68168409761e-05	0.0	0.0	1.08000691204e-05	0.0	0.0	0.0	0.0	0.0	0.0	0.0	0.0	0.0	0.0	0.0	0.0	0.0	0.0	0.0	0.0
D_0__Bacteria;D_1__Bacteroidetes	0.0862986566782	0.139728609122	0.091278293715	0.0788401039529	0.0928753864767	0.0966405605936	0.126031463342	0.144547759932	0.154866912462	0.123531817916	0.182349792852	0.175371278334	0.143135702557	0.146752069797	0.155240555519	0.109920957376	0.150438524301	0.122741069344	0.204517606288	0.202216111554	0.132891960713	0.0876578875229	0.181206195815	0.162063765618	0.121202353131	0.130742569058	0.138964869938	0.149804119428	0.120096266554	0.12623120788	0.127566286476	0.169237777103	0.147578439839	0.0725980538674	0.149255848745	0.138313026611	0.115581880901	0.144813278008	0.0549640961599	0.0875637787971	0.101014425927	0.124154567245	0.156528946697	0.161160792225	0.126578100503	0.147595030139
D_0__Bacteria;D_1__Chloroflexi	0.0	0.0	2.84002158416e-05	1.36780194228e-05	0.0	4.12201154163e-05	0.000237459186702	1.62559334157e-05	0.0	1.94783692709e-05	0.0	0.0	2.9322073657e-05	3.07205505123e-05	8.83177673268e-05	0.0	7.0540102048e-05	4.66962409526e-05	3.71310105823e-05	1.62710099416e-05	1.45507457257e-05	4.21736288299e-05	1.25828897865e-05	2.1542438604e-05	4.02933354823e-05	4.20123936561e-05	2.68168409761e-05	2.96788745771e-05	1.246976083e-05	7.56004838431e-05	2.96252407051e-05	9.11023382933e-05	0.0	1.66052273256e-05	1.28969021641e-05	1.51542704734e-05	4.53885257807e-05	1.48192056906e-05	1.56103652825e-05	1.71794739645e-05	1.64679533628e-05	3.05348173255e-05	0.0	5.81947973851e-05	0.0	9.84130889408e-05
D_0__Bacteria;D_1__Cyanobacteria	0.203195947129	0.173972860912	0.13126579762	0.156079879633	0.144790966528	0.175906842539	0.307628376373	0.216724104298	0.248004853689	0.189076530513	0.111047237695	0.129894123499	0.177750410509	0.262030935594	0.245125963216	0.0861158306863	0.0643325730678	0.0928087788933	0.134859830435	0.198083275029	0.103179337941	0.0785905573245	0.124570608886	0.102671262387	0.162180675316	0.315576094948	0.283561276482	0.138511307651	0.0476594258922	0.0671872299983	0.0910976151681	0.0814454904343	0.151464450201	0.0960778453057	0.162255926127	0.205113050858	0.164646877269	0.184647302905	0.167233843272	0.130718617396	0.191538765562	0.0857112322326	0.10107434328	0.123625147912	0.164865087879	0.185951531554
D_0__Bacteria;D_1__Deinococcus-Thermus	2.69472776513e-05	5.65397663023e-05	0.0	4.10340582684e-05	2.68853340503e-05	0.0	0.000118729593351	0.0	1.555669638e-05	5.84351078128e-05	1.98227843083e-05	4.7372036287e-05	4.39831104856e-05	0.0	2.20794418317e-05	1.8467902785e-05	7.0540102048e-05	4.66962409526e-05	4.95080141098e-05	6.50840397663e-05	1.45507457257e-05	4.21736288299e-05	0.0	0.0	8.05866709646e-05	4.20123936561e-05	0.0	2.96788745771e-05	1.246976083e-05	1.08000691204e-05	4.44378610576e-05	0.0	0.0	1.66052273256e-05	3.86907064923e-05	6.06170818937e-05	0.0	5.92768227623e-05	0.0	1.71794739645e-05	0.0	4.58022259882e-05	3.18796225453e-05	5.81947973851e-05	2.75050196661e-05	7.38098167056e-05
D_0__Bacteria;D_1__Firmicutes	0.0	0.0	0.0	8.20681165367e-05	6.72133351257e-05	6.18301731245e-05	2.96823983378e-05	3.25118668314e-05	3.11133927599e-05	0.0	0.0	0.0	0.0	1.53602752561e-05	4.41588836634e-05	0.0	0.0	0.0	1.23770035274e-05	4.88130298248e-05	0.0	6.32604432448e-05	0.0	0.0	0.000241760012894	0.0	0.0	1.48394372885e-05	2.493952166e-05	0.000464402972179	0.000148126203525	0.000334041907076	0.000197898675878	4.98156819767e-05	5.15876086564e-05	1.51542704734e-05	4.53885257807e-05	0.000118553645525	9.36621916953e-05	8.58973698225e-05	1.64679533628e-05	0.000106871860639	9.56388676358e-05	5.81947973851e-05	0.000123772588497	2.46032722352e-05
D_0__Bacteria;D_1__Fusobacteria	0.0	0.0	0.0	0.0	0.0	0.0	0.0	0.0	0.0	0.0	0.0	0.0	0.0	0.0	0.0	0.0	0.0	0.0	0.0	0.0	0.0	0.0	0.0	0.0	0.0	0.0	0.0	0.0	0.0	1.08000691204e-05	0.0	0.0	0.0	0.0	0.0	0.0	0.0	0.0	0.0	0.0	0.0	0.0	0.0	0.0	1.3752509833e-05	0.0
D_0__Bacteria;D_1__Gemmatimonadetes	0.0	0.0	0.0	0.0	0.0	0.0	0.0	0.0	0.0	0.0	0.0	0.0	0.0	0.0	0.0	0.0	0.0	0.0	0.0	0.0	0.0	0.0	0.0	0.0	0.0	0.0	0.0	0.0	1.246976083e-05	0.0	0.0	0.0	0.0	0.0	0.0	0.0	0.0	0.0	0.0	0.0	1.64679533628e-05	0.0	0.0	0.0	0.0	0.0
D_0__Bacteria;D_1__Planctomycetes	0.00114525930018	0.00130041462495	0.00244241856238	0.000971139379018	0.00111574136309	0.00129843363561	0.00261205105373	0.00370635281878	0.00303355579409	0.00042852412396	0.000317164548933	0.000592150453587	0.00039584799437	0.00211971798535	0.000949415998764	0.000203146930635	0.00145782877566	0.000350221807145	0.00100253728572	0.00209896028246	0.000261913423063	0.000316302216224	0.000905968064626	0.000366221456269	0.000443226690305	0.00165948954942	0.00109949048002	0.000252270433905	9.97580866399e-05	0.000626404008986	0.000503629091986	0.000394776799271	0.00223085780081	0.00209225864302	0.0010059583688	0.000742559253198	0.00472040668119	0.0048755186722	0.00067124570715	0.00207871634971	0.00146564784929	0.00325195804516	0.00170555980617	0.000601346239646	0.00239293671095	0.000959527617173
D_0__Bacteria;D_1__Proteobacteria	0.00696587127285	0.00706747078779	0.00653204964358	0.00865818629462	0.00731281086167	0.00191673536686	0.00549124369249	0.01446778074	0.00900732720399	0.00342819299168	0.00507463278292	0.00258177597764	0.0103213699273	0.00741901294871	0.00417301450619	0.00264091009825	0.00418537938818	0.00445949101097	0.00512407946036	0.00479994793277	0.000669334303383	0.00118086160724	0.00201326236583	0.00185264971995	0.00169232009026	0.00342401008297	0.00343255564495	0.00430343681368	0.00463875102876	0.0154656989805	0.00878388386906	0.0041299726693	0.00930123776626	0.00790408820697	0.00428177151848	0.0038188761593	0.00905501089325	0.00881742738589	0.00707149547299	0.00747307117456	0.00469336670839	0.00357257362708	0.00526013771997	0.00327830691936	0.00440080314657	0.00541271989175
D_0__Bacteria;D_1__TM6	0.0	1.88465887674e-05	0.0	0.0	0.0	0.0	0.0	0.0	0.0	0.0	0.0	0.0	0.0	0.0	0.0	0.0	0.0	0.0	0.0	0.0	0.0	0.0	0.0	0.0	0.0	0.0	0.0	4.45183118656e-05	0.0	0.0	0.0	0.0	1.79907887162e-05	0.0	0.0	0.0	0.0	0.0	0.0	0.0	0.0	0.0	0.0	0.0	0.0	0.0
D_0__Bacteria;D_1__Verrucomicrobia	0.0	0.0	0.0	0.0	0.0	0.0	0.0	0.0	0.0	0.0	0.0	4.7372036287e-05	1.46610368285e-05	1.53602752561e-05	2.20794418317e-05	0.0	0.0	0.0	0.0	1.62710099416e-05	0.0	2.10868144149e-05	0.0	0.0	0.0	0.0	0.0	0.0	0.0	0.0	0.0	0.0	0.0	0.0	0.0	0.0	0.0	0.0	0.0	0.0	0.0	0.0	0.0	0.0	0.0	0.0
Unassigned;Other	0.0135140597421	0.0321522804372	0.0262701996535	0.0156750102585	0.0204866245463	0.0175597691674	0.0293558919561	0.0447850965602	0.0394362253232	0.0250491828824	0.01131880984	0.0129088798882	0.0506538822426	0.0370336236425	0.0244640215495	0.0150513407697	0.0214912177573	0.00919915946766	0.00710440002475	0.0114547909989	0.00491815205529	0.00735929823082	0.00758748254124	0.00568720379147	0.00942864050286	0.0219724818822	0.0194422097077	0.00467442274589	0.00396538394394	0.00762484879903	0.00756924900015	0.00637716368053	0.0317717328728	0.0227657666633	0.00891175939539	0.00853185427654	0.0476806463326	0.0299051570836	0.0188261005308	0.0199625487468	0.0113134839602	0.0363822348433	0.0287235399133	0.00645962250975	0.0327997359518	0.0140238651741