0.6129772286964295
0.480914789672891
0.5046148573348331
0.5708446733202323
0.6763480477125609
0.561329367396894
0.6095047751535301
0.4876021619749044
0.4491750665398728
0.35466297634255944
0.4627514942403696
0.4024529249573981
0.3806520720199381
0.45020353990840295
0.4401225051216906
0.34861720361639065
0.6240831428177752
0.5240609825447605
0.4351606698398001
0.33616018515080776
0.4573940043478441
0.5150399341154986
0.32407058876315187
0.6335430077017026
0.6861004588415576
0.6075842052457052
0.5955599175438043
0.703976888347794
0.6998916041081683
0.7370116043754691
0.6859951943804776
0.6866585518118952
0.5944350705419473
0.47900863983871533
0.3699517354105838
0.5416402964498827
0.4467015007955849
0.5215304470340961
0.5774312827859263
0.6312677716657142
0.4898317999584839
0.725155019698859
0.646745403216671
0.4945003498701514
0.5444594125703643
0.4617170376095293
0.37563147636704763
0.5074407554297033
0.42382434354425613
0.3150913339493151
0.57524363817357
0.5735379286362283
0.3074034748401431
0.7278256699926514
0.6053131508333913
0.5192278744280244
0.25594025943396137
0.49998255276365877
0.604303949517071
0.28243789046982143
0.6785336693627477
0.6067612788453033
0.6342965024583544
0.6936277834531926
0.671269589987364
0.7389946847208148
0.5395658756792143
0.6969993731965539
0.762582564843908
0.6809672730491931
0.6961092795804245
0.5313660340392488
0.7164649135218075
0.6241797597849966
0.5395953366955851
0.4610046490452768
0.52370021735964
0.3636993727258148
0.5973825533136218
0.4955739036921228
0.6128922285239817
0.4844653545033673
0.5267070889418637
0.3243624141576201
0.5032377976289861
0.4189072400023211
0.3445791597076458
0.4867833563694547
0.44900931079997125
0.23577579306605093
0.6126913302512856
0.47492227684997473
0.4656176222682504
0.3145030319663624
0.6076380464355117
0.5828432631839812
0.24836492724087678
0.6442617026117793
0.6725190402280067
0.6854037014490021
0.709888591312884
0.6131586107839488
0.6755468323312831
0.6908377994883791
0.8172312370434681
0.7656008516097366
0.832254410898497
0.6455000469789554
0.49540483485099046
0.7399323049471003
0.5636065408947166
0.5898247256559687
0.431761256441568
0.45410840552155635
0.5238696825201742
0.6158560045526468
0.49843386420375235
0.6089093123426327
0.4375236067159311
0.41946133127345897
0.318238819487832
0.42720408671622534
0.373279208296583
0.3691112340774223
0.4246046263476719
0.4012963268474609
0.32078725600813157
0.5814467660158292
0.4825609632570357
0.424646694560723
0.3740775791309776
0.49292718605612507
0.5285833661301047
0.3266706710451446
0.6281319085071014
0.6962438474739971
0.6168887624196943
0.5927945822699794
0.6996032571450218
0.7026022380305007
0.7616467587688799
0.7149414514756305
0.6860478445688546
0.6318035008173122
0.46229686357489974
0.34254889028642277
0.5472846483675914
0.41596198328630263
0.5423699138250778
0.48721872859486465
0.5276824945897299
0.3991961311281747
0.6236964405709381
0.5135289754080684
0.5945641966310128
0.4816552310257206
0.509689267164706
0.3171095213853289
0.5002070156535362
0.4036406764490047
0.31644941015873357
0.4935747312343827
0.46818020723744674
0.2313847327083288
0.6298825292674352
0.5067578425946994
0.5052580952075268
0.3088881503561496
0.6098441441284742
0.5934363768543708
0.24319114983381562
0.6498063879156847
0.6736052527256632
0.6791969843941962
0.7099918630521994
0.6509373188153218
0.6977441037184229
0.6918219141496369
0.8180111896067747
0.7532319189472063
0.7881289680335949
0.6387617201957184
0.47482807571183094
0.723904951707781
0.5304889073041847
0.6367274642620191
0.5728184347509672
0.6655116926628193
0.5456829602412229
0.6530375362682891
0.6628465406772163
0.6620431033137503
0.5775504507825253
0.635845085480714
0.5021263606533258
0.6450789039383404
0.6098847305836188
0.4912827137749615
0.5710339377267479
0.5971662450874102
0.4506971767706682
0.6295873261626729
0.6679113046197829
0.5690432412184858
0.4350152587963317
0.5759049220191531
0.6779452104995182
0.43214934465044874
0.6670436205377864
0.6698072066645019
0.7079755248864542
0.762905017903087
0.6352578350486952
0.6660868585411654
0.672969470202605
0.7035048578196093
0.7940758457448363
0.6752401965465887
0.598749139656894
0.5864852804386594
0.659004905205682
0.5918168719283924
0.582889940072296
0.5601735735013712
0.5764285385508878
0.630500937539487
0.7050737353077057
0.6498036475263942
0.5369369515989042
0.5008959077595159
0.4284417324526002
0.43036724101587526
0.5212434237687198
0.45391713203280465
0.3975559490642392
0.5235978819294048
0.5237578579971578
0.4143402050650863
0.6951044371202489
0.6405187038402484
0.4353368723887227
0.3382835048880123
0.3897229898948025
0.5184329128294727
0.3934625461003074
0.6296294968355213
0.6114526066490416
0.5745702421569301
0.5690054784593346
0.685851143623332
0.6810057267130749
0.6272258605392574
0.5733007044599069
0.6505178544884551
0.47026605268772614
0.4572756128550932
0.390726228625161
0.4703449202558933
0.45928512457885706
0.5269973983366987
0.5494022333861869
0.5997814629515973
0.5241742474306195
0.720946401062077
0.6421706187340821
0.45196380632379207
0.4925596094686145
0.4103305622908205
0.35676484482766463
0.4729895526454082
0.37422090677202857
0.2898511571940772
0.5306143209578204
0.505449686655689
0.32466683410339603
0.7077119177681066
0.6043128083367636
0.4371280172315561
0.22458523995846
0.4052470658284552
0.5246747500860108
0.2668974745596864
0.6621756952421722
0.5842955901802425
0.5734046995168446
0.6032224264932228
0.6994571171115833
0.7187568502421797
0.552170671602906
0.6547408300249802
0.694463655362195
0.5697465009380515
0.5936131642139435
0.4316669359898505
0.5958597106761827
0.5433854558678329
0.6214221838315593
0.6491765313476608
0.7302150148152254
0.6124267390141657
0.746747341805672
0.749396462697467
0.5559376159197418
0.610756407663992
0.522620110715937
0.5066277591476547
0.5688806868312832
0.5234101383743972
0.4403736919973956
0.5955019348280894
0.5822164725013967
0.49021065955032583
0.7265634124731637
0.6784644313324419
0.49148845783106304
0.35277803293079907
0.42593162197639023
0.611664536450109
0.44322147048726246
0.7552978367272031
0.6108496040452528
0.6545392263928064
0.692869138736389
0.6630547873777382
0.7431386406240051
0.5741420920708434
0.6321203089348507
0.7777348674667243
0.5698513018353576
0.597143739375752
0.54548071410481
0.6194377513271043
0.6384886021016895
0.6129772286964296
0.5215304470340961
0.5395953366955851
0.5898247256559688
0.5423699138250778
0.6367274642620191
0.582889940072296
0.5269973983366987
0.6214221838315592
0.5841125199190572
0.6228311166536995
0.6720559610982046
0.6329927420576497
0.5875303310614185
0.5989415933864871
0.6274005914357057
0.5566629892872593
0.6150309744095883
0.4451959430191225
0.5342029388190709
0.4444492744951716
0.5217298490460516
0.549595826324351
0.550867909194393
0.5214532360961889
0.5840929609258056
0.6079766655668363
0.48962687834369417
0.5570947007663278
0.6027659174952832
0.5480411779540262
0.6373650486980228
0.45020631023476965
0.42661899747414606
0.537914664976922
0.44494122480319703
0.5356145240481415
0.480914789672891
0.5774312827859264
0.4610046490452769
0.431761256441568
0.48721872859486465
0.5728184347509672
0.5601735735013712
0.5494022333861868
0.649176531347661
0.614601740828788
0.6803693540714146
0.6716244063241675
0.5784809812689041
0.703668936709758
0.7345369562822386
0.5766323559425603
0.6159514753291109
0.6577323219453084
0.5302845350100754
0.46237153325118074
0.45527925783039364
0.5651140799603548
0.5406436278426227
0.5388598901494879
0.4384370354409337
0.5717880288267974
0.5999203815841492
0.4291441301819018
0.5359110610901682
0.4473190371573765
0.5079469717046432
0.5896284237585545
0.41781680039262786
0.5160708643950342
0.6259282147770682
0.4753833663966407
0.6176601605303107
0.5046148573348331
0.6312677716657142
0.52370021735964
0.45410840552155635
0.5276824945897298
0.6655116926628193
0.5764285385508878
0.5997814629515973
0.7302150148152254
0.6102962282743404
0.6992728572793645
0.7300592412631496
0.5853122740463375
0.6784863787865091
0.7411637382037005
0.5848556841646718
0.6689390398659844
0.7345226603324726
0.5854206568577194
0.5188573775125588
0.5082688653768677
0.6303262132207628
0.5772289852834763
0.6212770331061044
0.541816340265743
0.6676503903696941
0.7086851890367579
0.504511650035765
0.6023583953980084
0.5270481175772461
0.561233542313296
0.7112031909255766
0.5020962140510072
0.5565116976172275
0.6411886734183726
0.5414731051196217
0.6621492524394909
0.5708446733202323
0.48983179995848397
0.3636993727258149
0.5238696825201742
0.3991961311281747
0.5456829602412229
0.630500937539487
0.5241742474306195
0.6124267390141657
0.5742119243778951
0.5395425153066745
0.5899528642232863
0.5885243690139498
0.5226829884659824
0.5691565172847306
0.6459709976553148
0.539326841186826
0.6238871814301163
0.39338089437740303
0.514462649618186
0.3048000838997409
0.4631053495381661
0.6128765567712815
0.5081401283211826
0.4874745058290406
0.49382679806963004
0.49196706687567315
0.5229104281094019
0.543175976095376
0.5475133079409248
0.38629624489158326
0.5496810894171996
0.2783936171244395
0.2836616835958062
0.3998231698052141
0.2873327661713747
0.4158247644537083
0.6763480477125609
0.725155019698859
0.5973825533136219
0.6158560045526467
0.623696440570938
0.6530375362682891
0.7050737353077058
0.720946401062077
0.746747341805672
0.41440675388579723
0.531691369300088
0.4860691087595119
0.3547530136045404
0.5528034823347229
0.6026787208764838
0.38215777384159966
0.7155619822065798
0.6491617871681099
0.4939301304837979
0.3056766984500587
0.4384264824530114
0.5137979914615713
0.3651195330211882
0.6398651634400047
0.584618713683982
0.6172362106857676
0.626616838923428
0.6435338205204489
0.6762665740869527
0.5790007704839066
0.5746331435743598
0.660596264837303
0.5277546788789996
0.5341701299969879
0.44412007144909427
0.5399512544854264
0.5253699722830865
0.561329367396894
0.646745403216671
0.4955739036921228
0.4984338642037523
0.5135289754080683
0.6628465406772163
0.6498036475263942
0.6421706187340821
0.749396462697467
0.5541449494257379
0.6178503664801742
0.6338286309799273
0.5047710336367289
0.6079622793106371
0.6853014621815806
0.5352540233346098
0.6751448949150686
0.7351679644453005
0.5416351586894017
0.43156077467247966
0.4367834994519194
0.5560064946795852
0.5279518900411537
0.6002273349228304
0.5375010737475433
0.6075485332324666
0.6383766059278254
0.5704721368647984
0.6235788946419306
0.5198849490212801
0.4948433970390521
0.6520788218965238
0.46500010985245
0.5136367052545073
0.539405355500768
0.5000133273845464
0.5937919663586345
0.6095047751535301
0.4945003498701514
0.6128922285239817
0.6089093123426327
0.5945641966310129
0.6620431033137503
0.5369369515989042
0.4519638063237921
0.5559376159197418
0.538176224498152
0.6148228005259325
0.6444961584644268
0.6208493559376592
0.5635880002400987
0.5766378934005878
0.5363468314319615
0.524955478335721
0.5668005337394303
0.5012215880946862
0.6054546926009774
0.5665922000414454
0.5846311305165053
0.5783300954473687
0.5536606809380971
0.6167413334301426
0.6637879243333579
0.6623669076022456
0.5069336806087724
0.5749792623686142
0.6837923622261151
0.6192545368878699
0.6673303511665757
0.5559185849829933
0.45348370506643304
0.516011969735951
0.5022574244137011
0.501225047544941
0.48760216197490447
0.5444594125703643
0.4844653545033673
0.43752360671593116
0.48165523102572066
0.5775504507825253
0.5008959077595159
0.4925596094686145
0.610756407663992
0.5603756325332017
0.6430140934677201
0.6631965884036003
0.5524123595975606
0.6261124272618047
0.6835321769254493
0.5417712186857557
0.5909253895195236
0.6167995901437433
0.5755491101617024
0.5110116555494333
0.5492204876301197
0.5732633643519608
0.5720352899875213
0.5730449900633056
0.5135489762549231
0.6491889263600342
0.6253709559553742
0.4617589080923164
0.5734683299485708
0.5104540391204784
0.5131930854915072
0.6213658188399193
0.45280177348653755
0.5107497724505693
0.5705578675709276
0.47957366639948207
0.577984640629729
0.4491750665398728
0.46171703760952926
0.5267070889418637
0.419461331273459
0.509689267164706
0.6358450854807138
0.42844173245260025
0.4103305622908205
0.522620110715937
0.5896662845145909
0.7046379024758881
0.739302045793157
0.5689198941802229
0.6081888466699726
0.6691164663023833
0.5261164676115704
0.507736369657164
0.6141274903294368
0.5946638111555522
0.5132248640755344
0.565784345165507
0.5937566570216928
0.530517137326673
0.49321702535056294
0.47213492409699176
0.6323079992669564
0.6546019127139129
0.38366164840967637
0.47482955424684087
0.4914278882486253
0.5502762214380478
0.6030624845325097
0.5095045451492642
0.5275358369708024
0.6446046444462302
0.515115307849392
0.6073930393803803
0.35466297634255944
0.37563147636704763
0.3243624141576201
0.318238819487832
0.31710952138532894
0.5021263606533257
0.4303672410158752
0.35676484482766463
0.5066277591476547
0.5841125199190572
0.614601740828788
0.6102962282743404
0.5742119243778951
0.4144067538857973
0.5541449494257379
0.538176224498152
0.5603756325332017
0.5896662845145909
0.5852088019432953
0.6692506263696927
0.48128260184667354
0.6296435356126282
0.7307423118905494
0.5402286922970518
0.43985745051114744
0.567546180639502
0.5503587912007651
0.3832056740828084
0.4726790708031997
0.4182793465983281
0.3924359216541845
0.521427870752593
0.36071532020555985
0.414429537330379
0.6195986961409478
0.3982250065716631
0.5634763541908817
0.4627514942403696
0.5074407554297033
0.503237797628986
0.4272040867162254
0.5002070156535362
0.6450789039383406
0.5212434237687198
0.4729895526454082
0.5688806868312832
0.6228311166536994
0.6803693540714146
0.6992728572793645
0.5395425153066745
0.531691369300088
0.6178503664801743
0.6148228005259325
0.6430140934677201
0.7046379024758881
0.6606482605304103
0.5812402269553185
0.6203975690088304
0.6875600837331485
0.5994075283259834
0.5915013891095903
0.5297270029398887
0.6846856815763339
0.6895275082628117
0.43646076068241535
0.5537792009503419
0.500032319568772
0.5430593446000808
0.6251772410604016
0.5374970694016351
0.6093464528736743
0.7144872282045321
0.579759319294166
0.6935229133011648
0.40245292495739804
0.42382434354425613
0.41890724000232116
0.373279208296583
0.40364067644900464
0.6098847305836189
0.4539171320328046
0.37422090677202857
0.5234101383743971
0.6720559610982046
0.6716244063241675
0.7300592412631496
0.5899528642232863
0.4860691087595119
0.6338286309799273
0.6444961584644266
0.6631965884036004
0.739302045793157
0.6456716015135323
0.6561256819316461
0.5693845594320364
0.6439267209615785
0.69610240178419
0.5357092805464994
0.4677559723290435
0.6608305526748031
0.677022692800378
0.37172859881550857
0.5002221041868679
0.4831154395847771
0.47173964869994245
0.6039774248669743
0.47217993230606586
0.5237033378393571
0.7025678508263891
0.5178371681104127
0.6768759960957904
0.3806520720199381
0.3150913339493151
0.34457915970764574
0.3691112340774223
0.31644941015873357
0.4912827137749615
0.3975559490642392
0.2898511571940773
0.4403736919973956
0.6329927420576497
0.5784809812689041
0.5853122740463375
0.5885243690139498
0.3547530136045404
0.5047710336367289
0.6208493559376592
0.5524123595975606
0.5689198941802229
0.5210182267258919
0.7918584281474208
0.5155059748892243
0.6311395461247025
0.7802097439889377
0.5227550060238167
0.49052125929274454
0.6005282261522923
0.5663209781978257
0.3849699498996547
0.49472323418995007
0.5130760216988651
0.4306014515498308
0.5441084071574072
0.37077260636865245
0.3733188428953937
0.5901183183646899
0.36947206025694623
0.5347566689663391
0.4502035399084029
0.57524363817357
0.48678335636945463
0.4246046263476719
0.4935747312343828
0.5710339377267479
0.5235978819294048
0.5306143209578205
0.5955019348280894
0.5875303310614185
0.703668936709758
0.6784863787865091
0.5226829884659825
0.5528034823347228
0.6079622793106371
0.5635880002400987
0.6261124272618048
0.6081888466699726
0.6491370946495784
0.5947587441619808
0.6366490968422406
0.7123638870987465
0.6181730964563038
0.6146134364977968
0.5426902917471864
0.6921382838108064
0.6853153986044305
0.48680677254449645
0.6092177378277722
0.46792810331913093
0.5855182286369495
0.6333366422000389
0.5660444428799057
0.6539474373972656
0.7041951331049998
0.6192882869310383
0.7145465075440717
0.4401225051216906
0.5735379286362283
0.44900931079997114
0.4012963268474609
0.46818020723744674
0.5971662450874101
0.5237578579971578
0.505449686655689
0.5822164725013966
0.5989415933864871
0.7345369562822387
0.7411637382037004
0.5691565172847306
0.6026787208764838
0.6853014621815807
0.5766378934005878
0.6835321769254493
0.6691164663023833
0.6908025454631889
0.5432043347808887
0.6118263274333187
0.7128490943748232
0.5746629954409193
0.5925241338926713
0.5131492190614653
0.6840668753421384
0.701064929241382
0.4634361491831737
0.59472283300707
0.46486613551623734
0.5286686995859325
0.6266423227989804
0.5295274546144954
0.641852178825025
0.7147355225234638
0.5810653883950664
0.7185397407831553
0.34861720361639065
0.3074034748401431
0.23577579306605093
0.32078725600813157
0.2313847327083288
0.45069717677066823
0.4143402050650863
0.32466683410339603
0.49021065955032583
0.6274005914357057
0.5766323559425603
0.5848556841646718
0.6459709976553147
0.38215777384159966
0.5352540233346098
0.5363468314319615
0.5417712186857556
0.5261164676115704
0.45945742513420823
0.6675579757110457
0.36995759607946743
0.5350998881551672
0.7645770549290055
0.5145529315472175
0.40264542026667494
0.5201267161052189
0.4852494096538775
0.35486865677138807
0.47653206342552906
0.4446743603331765
0.3141287736297632
0.4799662037319117
0.22800741499518462
0.2619945188142093
0.5188545574792183
0.26580050700677693
0.480210497797997
0.6240831428177752
0.7278256699926514
0.6126913302512856
0.5814467660158292
0.6298825292674352
0.6295873261626729
0.6951044371202489
0.7077119177681066
0.7265634124731637
0.5566629892872593
0.6159514753291108
0.6689390398659845
0.539326841186826
0.7155619822065798
0.6751448949150686
0.524955478335721
0.5909253895195236
0.507736369657164
0.57540006936843
0.41569047387001984
0.5773617562268982
0.6549043512167502
0.45333953058795773
0.7476414757763191
0.6286891671787751
0.7170332042010019
0.7192088328725367
0.6410687780996516
0.7491107552966425
0.5973296863631812
0.6280039253076416
0.7061914762946709
0.6236001253477796
0.6226410734135803
0.5518517294316533
0.645560041066393
0.6435057260846485
0.5240609825447605
0.6053131508333914
0.47492227684997473
0.4825609632570356
0.5067578425946994
0.6679113046197829
0.6405187038402486
0.6043128083367636
0.6784644313324419
0.6150309744095883
0.6577323219453084
0.7345226603324725
0.6238871814301163
0.6491617871681099
0.7351679644453005
0.5668005337394302
0.6167995901437433
0.6141274903294368
0.6269132835156268
0.5000345420141561
0.5240511896978374
0.6473179355327596
0.5385335637976871
0.6132374290886593
0.5301389472521587
0.6398247631047169
0.6815995078333159
0.5643711412600642
0.6173998477219986
0.5189178946838852
0.5236313742083551
0.6690755539668923
0.49058580931698453
0.5722448023399517
0.6372569917008153
0.5478689307858768
0.6790839576047589
0.4351606698398001
0.5192278744280244
0.4656176222682503
0.424646694560723
0.5052580952075268
0.5690432412184858
0.43533687238872265
0.4371280172315561
0.49148845783106304
0.4451959430191225
0.5302845350100754
0.5854206568577194
0.39338089437740303
0.49393013048379786
0.5416351586894016
0.5012215880946861
0.5755491101617024
0.5946638111555522
0.5852088019432953
0.6606482605304103
0.6456716015135323
0.5210182267258919
0.6491370946495784
0.6908025454631889
0.45945742513420823
0.57540006936843
0.6269132835156268
0.4976443714271401
0.6868311525391425
0.6521908777580171
0.40956486920250385
0.5640542349980674
0.4561296521638757
0.5218001742404849
0.5897614312802987
0.5930358139567594
0.6166824404149508
0.6597569430059769
0.6084396078468852
0.6285614646971516
0.33616018515080776
0.25594025943396137
0.3145030319663624
0.37407757913097756
0.3088881503561496
0.43501525879633174
0.3382835048880123
0.22458523995846
0.35277803293079907
0.5342029388190709
0.46237153325118074
0.5188573775125589
0.5144626496181859
0.3056766984500586
0.43156077467247966
0.6054546926009774
0.5110116555494333
0.5132248640755344
0.6692506263696927
0.5812402269553185
0.6561256819316461
0.7918584281474208
0.5947587441619808
0.5432043347808887
0.6675579757110457
0.41569047387001984
0.5000345420141561
0.525642061893172
0.6145459698226208
0.5288731031206129
0.38016455135417493
0.473534313795703
0.5320766240607903
0.38713680028342207
0.4934129519318267
0.3586210284988829
0.2975131955303935
0.4885891520135853
0.3188492035069702
0.4374663901603702
0.45739400434784416
0.4999825527636588
0.6076380464355117
0.492927186056125
0.6098441441284742
0.5759049220191531
0.3897229898948024
0.40524706582845527
0.42593162197639023
0.4444492744951715
0.4552792578303937
0.5082688653768676
0.3048000838997409
0.4384264824530114
0.43678349945191947
0.5665922000414454
0.5492204876301197
0.565784345165507
0.4812826018466735
0.6203975690088303
0.5693845594320364
0.5155059748892243
0.6366490968422406
0.6118263274333187
0.36995759607946743
0.5773617562268981
0.5240511896978374
0.592807535972211
0.7469045349730212
0.7183702068594601
0.4492705301889528
0.5786093662606494
0.5607262892484746
0.6590611696378549
0.6285074144212068
0.7201732503909618
0.6440727499807596
0.633350252022042
0.6876455217514562
0.6247461826185833
0.5150399341154986
0.604303949517071
0.5828432631839812
0.5285833661301047
0.5934363768543708
0.6779452104995182
0.5184329128294727
0.5246747500860108
0.6116645364501089
0.5217298490460516
0.5651140799603548
0.6303262132207627
0.4631053495381661
0.5137979914615713
0.5560064946795852
0.5846311305165053
0.5732633643519608
0.5937566570216928
0.6296435356126282
0.6875600837331485
0.6439267209615785
0.6311395461247026
0.7123638870987465
0.7128490943748232
0.5350998881551672
0.6549043512167502
0.6473179355327596
0.6322402456246121
0.7548805408089247
0.7773137761069846
0.541955666022937
0.6676663285443448
0.5952713761745257
0.6458180488263312
0.749037195026206
0.6568687472938994
0.6114404740397605
0.6727543581525876
0.6448287630252956
0.657721053882628
0.32407058876315187
0.28243789046982143
0.2483649272408768
0.3266706710451446
0.24319114983381562
0.43214934465044863
0.3934625461003074
0.26689747455968643
0.44322147048726246
0.5495958263243511
0.5406436278426228
0.5772289852834764
0.6128765567712815
0.36511953302118827
0.5279518900411537
0.5783300954473687
0.5720352899875213
0.5305171373266732
0.7307423118905494
0.5994075283259834
0.6961024017841899
0.7802097439889377
0.6181730964563038
0.5746629954409193
0.7645770549290056
0.45333953058795773
0.5385335637976872
0.4787162713956165
0.5787175787572206
0.5044248049160868
0.38886549903663276
0.47852855078511136
0.48212199721096355
0.3097892382789058
0.48433996221322123
0.2653170109090009
0.25303224324788504
0.47688002863702345
0.26286842792714665
0.43121192942243175
0.6335430077017026
0.6785336693627477
0.6442617026117793
0.6281319085071015
0.6498063879156847
0.6670436205377864
0.6296294968355213
0.6621756952421721
0.7552978367272032
0.550867909194393
0.5388598901494879
0.6212770331061044
0.5081401283211825
0.6398651634400047
0.6002273349228304
0.5536606809380971
0.5730449900633056
0.4932170253505629
0.5402286922970517
0.5915013891095904
0.5357092805464994
0.5227550060238167
0.6146134364977969
0.5925241338926712
0.5145529315472175
0.7476414757763191
0.6132374290886593
0.6755643575547169
0.7339675265219361
0.7196984182212723
0.6674309190293239
0.7765233224872128
0.6614687422286588
0.6741286128209992
0.7773885730137429
0.6389369657193188
0.5360806480627452
0.5218071970930019
0.6072621153451114
0.584354520293599
0.6861004588415576
0.6067612788453033
0.6725190402280068
0.6962438474739973
0.6736052527256632
0.6698072066645018
0.6114526066490416
0.5842955901802425
0.6108496040452529
0.5214532360961889
0.4384370354409337
0.541816340265743
0.48747450582904056
0.584618713683982
0.5375010737475433
0.6167413334301425
0.5135489762549231
0.4721349240969918
0.4398574505111474
0.5297270029398887
0.4677559723290435
0.4905212592927446
0.5426902917471864
0.5131492190614653
0.40264542026667494
0.6286891671787752
0.5301389472521587
0.4976443714271401
0.5256420618931721
0.5928075359722109
0.6322402456246121
0.47871627139561657
0.6755643575547169
0.6567182164480981
0.49821745297562964
0.3996207009132146
0.5830416829926947
0.47065489295618335
0.6075842052457051
0.6342965024583544
0.685403701449002
0.6168887624196943
0.6791969843941962
0.7079755248864542
0.57457024215693
0.5734046995168446
0.6545392263928065
0.5840929609258056
0.5717880288267974
0.6676503903696941
0.49382679806963004
0.6172362106857676
0.6075485332324666
0.6637879243333579
0.6491889263600342
0.6323079992669564
0.567546180639502
0.6846856815763339
0.6608305526748031
0.6005282261522923
0.6921382838108064
0.6840668753421384
0.5201267161052189
0.717033204201002
0.6398247631047169
0.6868311525391425
0.6145459698226208
0.7469045349730213
0.7548805408089247
0.5787175787572205
0.7339675265219361
0.7245197160363732
0.6302085977155459
0.6095039827834657
0.6881534045251126
0.6519946251162398
0.5955599175438043
0.6936277834531925
0.709888591312884
0.5927945822699794
0.7099918630521995
0.762905017903087
0.5690054784593347
0.6032224264932228
0.692869138736389
0.6079766655668363
0.5999203815841492
0.7086851890367579
0.49196706687567315
0.626616838923428
0.6383766059278254
0.6623669076022456
0.6253709559553742
0.6546019127139129
0.550358791200765
0.6895275082628117
0.677022692800378
0.5663209781978257
0.6853153986044305
0.701064929241382
0.4852494096538774
0.7192088328725366
0.6815995078333159
0.6521908777580171
0.5288731031206129
0.7183702068594602
0.7773137761069847
0.5044248049160867
0.7196984182212722
0.7567213906545273
0.6843218348840681
0.6777882736208759
0.7420265034112521
0.7195958263179357
0.7039768883477939
0.671269589987364
0.613158610783949
0.6996032571450218
0.6509373188153218
0.6352578350486952
0.685851143623332
0.6994571171115833
0.6630547873777382
0.48962687834369417
0.42914413018190184
0.504511650035765
0.522910428109402
0.6435338205204489
0.5704721368647984
0.5069336806087724
0.4617589080923164
0.3836616484096764
0.3832056740828085
0.43646076068241535
0.37172859881550857
0.3849699498996547
0.48680677254449645
0.4634361491831738
0.35486865677138807
0.6410687780996516
0.5643711412600643
0.40956486920250385
0.3801645513541749
0.44927053018895285
0.5419556660229371
0.38886549903663276
0.6674309190293239
0.5962593979365077
0.4844970834390774
0.34754988399166403
0.5409156238185547
0.45424946474195316
0.6998916041081684
0.7389946847208146
0.6755468323312831
0.7026022380305007
0.697744103718423
0.6660868585411653
0.6810057267130749
0.7187568502421797
0.743138640624005
0.5570947007663278
0.5359110610901682
0.6023583953980085
0.5431759760953762
0.6762665740869528
0.6235788946419306
0.5749792623686143
0.5734683299485708
0.4748295542468409
0.4726790708031997
0.5537792009503419
0.5002221041868677
0.49472323418995007
0.6092177378277722
0.5947228330070699
0.476532063425529
0.7491107552966425
0.6173998477219985
0.5640542349980673
0.473534313795703
0.5786093662606494
0.6676663285443447
0.47852855078511136
0.7765233224872127
0.695551006398206
0.6033395297354285
0.5064635512083805
0.6721283726187002
0.5957891677396694
0.7370116043754691
0.5395658756792142
0.6908377994883791
0.7616467587688799
0.6918219141496369
0.672969470202605
0.6272258605392574
0.552170671602906
0.5741420920708434
0.6027659174952832
0.4473190371573765
0.5270481175772461
0.5475133079409248
0.5790007704839066
0.5198849490212801
0.6837923622261151
0.5104540391204783
0.4914278882486253
0.41827934659832805
0.500032319568772
0.48311543958477704
0.5130760216988652
0.46792810331913093
0.46486613551623734
0.4446743603331765
0.5973296863631812
0.5189178946838852
0.4561296521638757
0.5320766240607904
0.5607262892484745
0.5952713761745257
0.48212199721096344
0.6614687422286588
0.6214971236583899
0.4198536197438418
0.36304342068091633
0.5308453517916609
0.438278970891749
0.6859951943804776
0.6969993731965539
0.8172312370434681
0.7149414514756305
0.8180111896067745
0.7035048578196093
0.5733007044599069
0.6547408300249802
0.6321203089348507
0.5480411779540262
0.5079469717046432
0.561233542313296
0.3862962448915832
0.5746331435743598
0.4948433970390521
0.6192545368878698
0.5131930854915073
0.5502762214380478
0.39243592165418445
0.5430593446000808
0.47173964869994245
0.43060145154983087
0.5855182286369495
0.5286686995859325
0.3141287736297632
0.6280039253076416
0.5236313742083551
0.5218001742404849
0.387136800283422
0.6590611696378549
0.6458180488263312
0.3097892382789058
0.6741286128209992
0.819572699051379
0.667544063674351
0.5367504219352712
0.7427247770566703
0.6032797392526434
0.6866585518118952
0.762582564843908
0.7656008516097366
0.6860478445688546
0.7532319189472063
0.7940758457448363
0.6505178544884551
0.6944636553621951
0.7777348674667244
0.6373650486980229
0.5896284237585545
0.7112031909255766
0.5496810894171995
0.660596264837303
0.6520788218965238
0.6673303511665757
0.6213658188399193
0.6030624845325097
0.521427870752593
0.6251772410604016
0.6039774248669741
0.5441084071574072
0.6333366422000389
0.6266423227989804
0.47996620373191173
0.706191476294671
0.6690755539668923
0.5897614312802987
0.49341295193182677
0.6285074144212068
0.749037195026206
0.4843399622132212
0.7773885730137429
0.7560708326106957
0.6620288855413614
0.6139267538893027
0.7328480975474168
0.6693475763784383
0.5944350705419473
0.6809672730491931
0.832254410898497
0.6318035008173122
0.7881289680335949
0.6752401965465887
0.47026605268772614
0.5697465009380515
0.5698513018353576
0.4502063102347697
0.4178168003926278
0.5020962140510072
0.2783936171244395
0.5277546788789995
0.46500010985245
0.5559185849829933
0.4528017734865375
0.5095045451492644
0.36071532020555985
0.5374970694016351
0.4721799323060658
0.3707726063686524
0.5660444428799057
0.5295274546144952
0.22800741499518465
0.6236001253477795
0.49058580931698453
0.5930358139567594
0.3586210284988829
0.7201732503909618
0.6568687472938994
0.2653170109090009
0.6389369657193188
0.6567182164480981
0.7245197160363731
0.7567213906545274
0.5962593979365077
0.695551006398206
0.6214971236583899
0.8195726990513789
0.7560708326106959
0.47900863983871533
0.6961092795804243
0.6455000469789554
0.46229686357489974
0.6387617201957184
0.598749139656894
0.45727561285509327
0.5936131642139435
0.5971437393757519
0.4266189974741461
0.5160708643950344
0.5565116976172275
0.2836616835958062
0.5341701299969879
0.5136367052545073
0.45348370506643304
0.5107497724505693
0.5275358369708024
0.414429537330379
0.6093464528736743
0.5237033378393571
0.3733188428953937
0.6539474373972656
0.6418521788250249
0.2619945188142093
0.6226410734135803
0.5722448023399516
0.6166824404149508
0.2975131955303935
0.6440727499807597
0.6114404740397607
0.25303224324788504
0.5360806480627451
0.4982174529756297
0.6302085977155459
0.6843218348840682
0.4844970834390774
0.6033395297354285
0.4198536197438418
0.667544063674351
0.6620288855413614
0.3699517354105838
0.5313660340392486
0.49540483485099046
0.34254889028642277
0.474828075711831
0.5864852804386594
0.390726228625161
0.43166693598985045
0.5454807141048099
0.537914664976922
0.6259282147770682
0.6411886734183725
0.39982316980521415
0.44412007144909427
0.539405355500768
0.5160119697359511
0.5705578675709276
0.6446046444462302
0.6195986961409478
0.7144872282045321
0.7025678508263892
0.5901183183646898
0.7041951331049998
0.7147355225234638
0.5188545574792183
0.5518517294316533
0.6372569917008153
0.659756943005977
0.4885891520135854
0.633350252022042
0.6727543581525876
0.4768800286370234
0.5218071970930019
0.3996207009132147
0.6095039827834656
0.6777882736208758
0.34754988399166403
0.5064635512083805
0.36304342068091633
0.5367504219352711
0.6139267538893026
0.5416402964498827
0.7164649135218075
0.7399323049471003
0.5472846483675913
0.723904951707781
0.659004905205682
0.4703449202558933
0.5958597106761826
0.6194377513271043
0.444941224803197
0.47538336639664064
0.5414731051196217
0.2873327661713747
0.5399512544854264
0.5000133273845465
0.5022574244137011
0.47957366639948207
0.5151153078493919
0.3982250065716631
0.579759319294166
0.5178371681104127
0.36947206025694623
0.6192882869310383
0.5810653883950664
0.26580050700677693
0.645560041066393
0.5478689307858768
0.6084396078468851
0.31884920350697027
0.6876455217514562
0.6448287630252956
0.26286842792714665
0.6072621153451114
0.5830416829926947
0.6881534045251126
0.7420265034112521
0.5409156238185548
0.6721283726187002
0.5308453517916609
0.7427247770566703
0.7328480975474168
0.44670150079558496
0.6241797597849965
0.5636065408947166
0.4159619832863026
0.5304889073041847
0.5918168719283924
0.4592851245788571
0.5433854558678329
0.6384886021016895
0.5356145240481415
0.6176601605303106
0.662149252439491
0.4158247644537083
0.5253699722830865
0.5937919663586345
0.5012250475449411
0.5779846406297289
0.6073930393803803
0.5634763541908817
0.6935229133011648
0.6768759960957904
0.5347566689663391
0.7145465075440717
0.7185397407831553
0.480210497797997
0.6435057260846484
0.6790839576047589
0.6285614646971516
0.43746639016037026
0.6247461826185833
0.657721053882628
0.43121192942243175
0.584354520293599
0.47065489295618335
0.6519946251162398
0.7195958263179357
0.4542494647419531
0.5957891677396694
0.438278970891749
0.6032797392526434
0.6693475763784383
Inter-nodule correlation is 0.5608577109606032
Intra-nodule correlation is 0.7365208047543772
