0.7077704047391872
0.7673846907493084
0.9177048865253821
0.8099896721508762
0.7296466393030402
0.8329276276797408
0.7669953125047864
0.688519981635439
0.7077704047391871
0.7245268920586796
0.6683389448267935
0.7810198638441463
0.7340244836269735
0.7254835296580385
0.8693178661320755
0.865510769101007
0.7673846907493084
0.7245268920586796
0.7924277342463031
0.8951932718622229
0.7431483338736267
0.6248426777125947
0.6695528508659385
0.6534051116082547
0.9177048865253821
0.6683389448267935
0.792427734246303
0.8425397524817623
0.7116389786909962
0.7697619889987932
0.7079864615593832
0.6245026293966625
0.8099896721508762
0.7810198638441462
0.8951932718622229
0.8425397524817624
0.794515236515675
0.691594128342011
0.7491466496365687
0.6752663274557013
0.7296466393030402
0.7340244836269736
0.7431483338736266
0.7116389786909962
0.7945152365156751
0.7051754336673058
0.6909295505453777
0.7298286564693826
0.8329276276797408
0.7254835296580385
0.6248426777125947
0.7697619889987931
0.691594128342011
0.7051754336673058
0.8309269143051791
0.7442393415503693
0.7669953125047863
0.8693178661320755
0.6695528508659385
0.7079864615593832
0.7491466496365687
0.6909295505453776
0.830926914305179
0.8359776319703202
0.6885199816354389
0.8655107691010069
0.6534051116082547
0.6245026293966623
0.6752663274557014
0.7298286564693826
0.7442393415503693
0.8359776319703202
0.7715790918645288
0.726375759060278
0.8244913834926118
0.6745003176574614
0.7038180461892297
0.8215761097042681
0.7113685840036373
0.7195547371210478
0.7715790918645289
0.8108701630179542
0.7083384812211053
0.6962813533076848
0.7614087382853074
0.668411873451623
0.7718744781096266
0.7384276099852761
0.726375759060278
0.8108701630179542
0.7015748496752617
0.735741228389431
0.8449101721405292
0.707630591039336
0.773045927591987
0.7598224863946679
0.8244913834926116
0.7083384812211053
0.7015748496752617
0.6938718523286364
0.7554232743656975
0.7284835293500771
0.6858189404427428
0.5911829334912334
0.6745003176574615
0.6962813533076848
0.735741228389431
0.6938718523286364
0.8509746603695053
0.6540785789158358
0.7511707732915903
0.6130672083514046
0.7038180461892298
0.7614087382853074
0.8449101721405291
0.7554232743656975
0.8509746603695054
0.6790088180265803
0.7806191956266726
0.7160205926390811
0.8215761097042682
0.668411873451623
0.707630591039336
0.7284835293500771
0.6540785789158357
0.6790088180265804
0.7583080157999798
0.7648051640324741
0.7113685840036373
0.7718744781096266
0.7730459275919869
0.6858189404427428
0.7511707732915903
0.7806191956266726
0.7583080157999798
0.8082775433834967
0.7195547371210478
0.7384276099852761
0.7598224863946679
0.5911829334912334
0.6130672083514046
0.7160205926390812
0.7648051640324741
0.8082775433834966
0.8303373369765411
0.7698823448571691
0.787645844274212
0.7514570996599391
0.6858889433338204
0.7788106080476234
0.5280621570327292
0.6389694256548732
0.8303373369765412
0.8154587443924043
0.6863020472429672
0.812399729358004
0.7998316965358966
0.6361550499183429
0.6545538902381294
0.7361436014231765
0.769882344857169
0.8154587443924043
0.7318944851975981
0.7299808864874519
0.7707587300393333
0.7174748702960797
0.5693859446885282
0.7323389435972618
0.7876458442742121
0.6863020472429672
0.7318944851975983
0.7076496020151782
0.6356613218773319
0.8116055269060544
0.50769714711423
0.5626263696387627
0.7514570996599391
0.812399729358004
0.7299808864874519
0.7076496020151782
0.8349006376545816
0.6337546196223286
0.746082365240176
0.706101182051408
0.6858889433338204
0.7998316965358966
0.7707587300393333
0.6356613218773319
0.8349006376545816
0.5873781915690293
0.7374698248534565
0.8005734323651498
0.7788106080476235
0.6361550499183429
0.7174748702960797
0.8116055269060544
0.6337546196223286
0.5873781915690294
0.49148177973258633
0.5906485808683317
0.5280621570327292
0.6545538902381293
0.5693859446885282
0.50769714711423
0.746082365240176
0.7374698248534565
0.49148177973258633
0.7408340966127044
0.6389694256548732
0.7361436014231765
0.7323389435972618
0.5626263696387627
0.706101182051408
0.8005734323651498
0.5906485808683317
0.7408340966127044
0.600164686569827
0.777165319592896
0.8024763166229859
0.557964303433596
0.6148239790640418
0.600164686569827
0.6380995757540429
0.6582339985477959
0.8454459933075281
0.5139236847628265
0.7771653195928958
0.6380995757540429
0.7765487584905556
0.5099070890250873
0.6272622169987254
0.8024763166229859
0.658233998547796
0.7765487584905556
0.6164014493252623
0.7948517738162411
0.557964303433596
0.8454459933075282
0.5099070890250873
0.6164014493252623
0.5443030301810071
0.6148239790640418
0.5139236847628263
0.6272622169987254
0.7948517738162411
0.5443030301810071
0.8188340488674234
0.7528247448638477
0.8700604755264716
0.8255549669482153
0.8735707227656165
0.7645736566780815
0.7875898047318721
0.8188340488674235
0.8818031316980854
0.6701093680966782
0.8074154600482725
0.7771671995213886
0.7974256871447309
0.824344263279306
0.7528247448638475
0.8818031316980856
0.6474149598447492
0.774678327496973
0.7137050130062219
0.8183201154339954
0.8674137905123693
0.8700604755264716
0.6701093680966782
0.6474149598447492
0.8534549536190008
0.7865816070718566
0.6922897134902332
0.728261229752564
0.8255549669482152
0.8074154600482724
0.7746783274969731
0.8534549536190009
0.7804480327044939
0.768631484044529
0.8145215581545788
0.8735707227656164
0.7771671995213886
0.7137050130062219
0.7865816070718566
0.7804480327044939
0.7447641300447675
0.7598481299558331
0.7645736566780815
0.7974256871447309
0.8183201154339953
0.6922897134902332
0.7686314840445289
0.7447641300447676
0.8329979557045548
0.7875898047318721
0.8243442632793061
0.8674137905123693
0.728261229752564
0.8145215581545789
0.7598481299558331
0.8329979557045549
0.8058490433098845
0.6293867607752002
0.8899261842844393
0.6812551471732118
0.8058490433098846
0.7907262406970109
0.8902555672942326
0.8238245590685409
0.6293867607752002
0.7907262406970108
0.711015929236762
0.8679221803520257
0.8899261842844393
0.8902555672942326
0.711015929236762
0.7848399009831398
0.6812551471732118
0.823824559068541
0.8679221803520258
0.7848399009831398
Inter-nodule correlation is 0.5608577109606032
Intra-nodule correlation is 0.7365208047543772
