0.6063718201152541
0.34489254246772877
0.4428779550088962
0.2251435814696637
0.3803292218128512
0.4846850107326814
0.2963105434515553
0.32448526483366347
0.19566550470243096
0.38947568534931304
0.48935018136753244
0.652470500151358
0.44871005825913945
0.3344391313400829
0.35398472584489993
0.37165984474040376
0.4280358431181215
0.4095417662958616
0.5254125004745624
0.5248707246836745
0.3548680044410471
0.5284420361978379
0.4830448690107487
0.3930419185797783
0.6061691774388166
0.41500240424379214
0.46385632921809666
0.6121636495865856
0.6688672167959466
0.4986190433394679
0.34427658770432384
0.475973355300192
0.30961455398448423
0.3506011972569912
0.4792469252072426
0.3747524060167074
0.3626243639385288
0.23803595070223882
0.4314961854085806
0.4928697133938848
0.673855013782022
0.5152195561003565
0.3292383628551364
0.39788134509323214
0.46756709343450537
0.48601471793962403
0.38165935411342994
0.5737642755728779
0.6302105936122505
0.25018119611466716
0.5057322623448312
0.5044351757199296
0.4073093968932665
0.6209646878685382
0.44788972260633053
0.4483879675309281
0.5931793494446616
0.6113058749273066
0.5877533334315547
0.3309728475356222
0.4903718437138016
0.27189700896868735
0.3462185007391312
0.505836230229695
0.41837073013541826
0.368200241190081
0.259206318733857
0.47544047018571933
0.5139816954357376
0.6569258233557975
0.5034270248620096
0.37232285936540627
0.4032208331892227
0.4730099158719109
0.4655644255942554
0.38851796719325027
0.6237418747823836
0.6038412708547941
0.2822961651510465
0.5037288797236094
0.47673885216775963
0.42634130094120165
0.6421372169747456
0.45764131200002767
0.4458755936888732
0.6305574717949619
0.6382932380887442
0.630314085718175
0.40477983474673473
0.5450919653229647
0.3424693857081165
0.42526622972404277
0.5791481536208373
0.42085326507228843
0.33830025300665245
0.2927302806937539
0.4861755354230763
0.5480664545876787
0.6653469460155856
0.6006736254450438
0.4509328128182351
0.47548440891926236
0.5264151293261048
0.5359774196821326
0.4878255046888805
0.6302639575566732
0.6626700147748156
0.3123028445667056
0.5465401662031262
0.586350247194878
0.49103669756477986
0.6669025067941977
0.5417908639586836
0.5380284520085286
0.6815789091131957
0.7125443758966183
0.6052824049235536
0.36190388564315057
0.49505010921534365
0.29142464609667024
0.3680927151603818
0.45664757940545336
0.34093300187492565
0.28410755589303427
0.2545210921496987
0.4384117873965822
0.4955516222343235
0.5883947491875624
0.4566149911663272
0.3908394348432967
0.38301995972330866
0.3433355705454807
0.4681409702230743
0.40879094132458244
0.5424527049471427
0.5228271807463323
0.36170475031241733
0.49524876805188406
0.5100380145110471
0.4076409675177143
0.6634280164930193
0.4014552728179845
0.46104877076579015
0.6228393074679616
0.658583413355334
0.6500112033579425
0.40071383625890833
0.542197805334116
0.3631628222911834
0.4007619178895477
0.6035614871127936
0.4368804039093488
0.4084990922473649
0.3279085094551319
0.4795444650194391
0.5750607030373808
0.6780969091257842
0.5813427160418532
0.45702790252292935
0.4743178840683137
0.5144516135581887
0.5102435804982149
0.4720207652558376
0.6099133964656992
0.6147121494003956
0.40316201993236306
0.5983411506022052
0.5490316772913071
0.4623908774752798
0.6953578068916454
0.5098372482273669
0.5095958044982951
0.6487772114682143
0.6880626370171877
0.6130340638196345
0.43879232618589725
0.5368922718899163
0.37544025060728514
0.4842315220623584
0.5211421181612133
0.4482726426089464
0.3599343438779831
0.3422203711510746
0.49529448265656917
0.5525736808595919
0.582597555343934
0.5465028126770946
0.4335518479031273
0.45255540731324223
0.41820054996063766
0.5010598605598598
0.46499602445001137
0.5222979822706107
0.5452681781425457
0.4604819006450185
0.5474571820113123
0.5092870347509071
0.47954216700035335
0.6613362197497721
0.4188610555241265
0.5137395646121542
0.5613253884996217
0.6379019251753829
0.4925924622690555
0.33287536966284337
0.42131848415850315
0.26309695002484657
0.3534708221463453
0.44371331201487224
0.37775271006887123
0.29948867256867
0.23892052761310595
0.43092994616804214
0.41839048968104187
0.4638503249214665
0.4519217470958517
0.3022004648348861
0.31964665496870015
0.32559546526456984
0.41150776863401045
0.3011373110769723
0.4107310037137832
0.48272197410879014
0.3281451549869755
0.455672447417949
0.39679245829767223
0.3751375239950764
0.572036970744476
0.32206275780266136
0.37437188021930556
0.5131547289282509
0.5333715455742418
0.5085052067170311
0.4183444629302645
0.4143533889286081
0.3473871988940005
0.34213354076690666
0.40023751978559297
0.4341645886495944
0.22422108679051508
0.2674328602575369
0.413856878216975
0.42904726856984354
0.6080097258240035
0.4709281971394476
0.3779656660458389
0.38523916840724753
0.3775658760807497
0.4471935278061617
0.3939150737686368
0.5302197542924699
0.551027695625427
0.3179579716070719
0.42664482309078017
0.43989660745441317
0.4412719456036347
0.6194473302636888
0.3612096347244856
0.4530280112564166
0.5569294602185118
0.5700428979208128
0.62494655668441
0.40406562796042816
0.5269375511070201
0.3445173653548682
0.4347324137773613
0.559577302273333
0.4254210911846142
0.296744528534194
0.3049694987387732
0.49733222869527827
0.5054101814115894
0.5958886864304985
0.5054569636556122
0.4135665278292099
0.42305634273568354
0.40174593774665296
0.5030178411751418
0.40674606721056583
0.5350550201046785
0.5686755704726584
0.40961923571364534
0.5386673901814705
0.5272859878250868
0.4985601139527352
0.6775412854759458
0.46650166172753665
0.5115872381076031
0.6163882512504023
0.6660660874978945
0.5943562151016758
0.4024812068096171
0.5233857711034582
0.33483650458520703
0.3514225187721749
0.5430292720636494
0.43116794848728984
0.31355069956166665
0.2515903040082253
0.4779300995138867
0.5069204947337653
0.6119717693031478
0.5510775204681582
0.4011725469062851
0.3934198233673795
0.45920539957160283
0.5063725124484795
0.4403054484678944
0.6043154960619391
0.6075402800513131
0.3207911800285634
0.498946507741524
0.4973827552433061
0.4574237562760839
0.6696036150171844
0.47828139105746725
0.5086917957758046
0.6506244685556913
0.6535507361730009
0.5740127485607606
0.3295577166446685
0.4558749229903286
0.251538585381478
0.32773083969979927
0.4760903903209627
0.3772298845702878
0.24884097720832138
0.20497754284951444
0.46614195776773576
0.48930598508881107
0.5551184356186203
0.4736291499297678
0.3058990693542666
0.3454952172413791
0.3652253679844852
0.42178642737307964
0.34505906955573734
0.507953602334054
0.5147990909903575
0.3345782661573973
0.45802998346625146
0.47295390519887914
0.364903124716921
0.6605980883154142
0.3880582787728004
0.38956863956029875
0.5981874576560843
0.6440401114279118
0.4803343275139315
0.27896686721378455
0.48166503302061386
0.2996730359420429
0.3136182191670996
0.4283577451450662
0.32864531438976086
0.2859531842434054
0.25806480920954
0.4431117316890035
0.43733061274080937
0.47348203730602784
0.4131787343829618
0.285920810772628
0.33897940844920393
0.27487251002100543
0.4193411155198791
0.27786708941625415
0.483032107040892
0.48968702629232047
0.319996972298142
0.40311140284907876
0.4362299378213854
0.30795763917393765
0.5491511371209046
0.372106453886998
0.3875751395008954
0.5460629405100481
0.5457492811950372
0.5877067632971019
0.32859510267461245
0.5037788657737594
0.2604110492724831
0.34743215934279237
0.4958257090573319
0.33441393906720357
0.3189780065807883
0.23058163377265947
0.42869899078388063
0.49865538767994255
0.6028847260668221
0.5026614629161937
0.3433261428265964
0.36549012635669614
0.38787552004264503
0.4337869880597729
0.36134788229476594
0.5581410945568008
0.5450869983778796
0.3064840391553524
0.4850176505496222
0.4444281736132995
0.37548817849581734
0.657444384626835
0.41936191487824725
0.4634982716178595
0.6159493521209547
0.6527593599372743
0.46399078659463544
0.21874528808370294
0.4649954705215234
0.17056565507736884
0.3142211378590349
0.3605225050216345
0.30463759613783675
0.37792563003292917
0.25038780585636045
0.3862111124637497
0.44879305455004814
0.5627719561506125
0.38598927681589923
0.2923791561869947
0.3372906133429946
0.36449840963005825
0.3835312853001667
0.3740021602168139
0.47825155247399015
0.48010007793291165
0.2102262276157753
0.4758871051689919
0.3601340489617357
0.40597443437676767
0.5334832270579243
0.36368570354904084
0.4024128755281393
0.4943356044236968
0.49712850888106225
0.6228949479549258
0.3467574662974756
0.5083875354723824
0.31692354065086475
0.3581938673605562
0.5853568545175678
0.43731986594104294
0.3796907504970892
0.3227695713306294
0.5330460887923208
0.5089211024057532
0.6428568551866699
0.49320956968419544
0.3963266474300633
0.4235380055560212
0.4474122823521736
0.5288369143149577
0.430006611480252
0.617516260628694
0.5927951952514053
0.3251914972422858
0.5492567371253535
0.49573177447576994
0.4509850197923321
0.6564003499770644
0.458082599364866
0.48756018970668163
0.6269301384852468
0.6271685872496917
0.5737282419807629
0.44084006046159996
0.4687335762919602
0.3727877059914494
0.3596104224478275
0.5512792666995339
0.4869124818122381
0.348777061947467
0.28433211803019715
0.49571886334789333
0.5081236917646057
0.6440921372289758
0.5110046010880933
0.37647311380751314
0.4306968883218696
0.4548065107090901
0.45901943954954466
0.4311349082524059
0.5708417739847317
0.6169933788565096
0.36645085313665116
0.533471735871505
0.5004491183906643
0.4685133951531154
0.6591480517738076
0.46742054094855706
0.48554326022212557
0.5787003636020314
0.6111211816580017
0.5163886196626878
0.33032807089249094
0.45672808965183526
0.2590634609744346
0.3306851186911051
0.4746748642293494
0.32037897729494524
0.3492068310985966
0.2568450227294781
0.39625519445485285
0.4486584090482305
0.5829607403677559
0.47107921132124037
0.3245940357149461
0.3676410724377153
0.4518571531673115
0.4889251897865724
0.35523290083419873
0.5255389483182943
0.6273699596432204
0.24305828036870114
0.4470326112084782
0.46525033046823017
0.37304957360909524
0.5652298518664078
0.37561134081314185
0.389784909870578
0.5495492553429037
0.57096740000209
0.5492295490308853
0.3232240778367669
0.4549886886268164
0.22125940948486947
0.3508485425852451
0.49590782635831715
0.3378783915728458
0.3317687855581825
0.2387112119172353
0.4227304027455926
0.43753615141586116
0.6379441995790708
0.4713412324274159
0.33248100675974257
0.36550047174555067
0.4063041731460272
0.4629102833896159
0.4052546489525377
0.5650402817162048
0.6218387168073313
0.2592111809138283
0.4969372534437174
0.447702125254848
0.4309783305121127
0.6590871456142273
0.3816796087586417
0.45910568197947116
0.48381085259856976
0.5600695212817576
0.5876813058026814
0.29667049348703695
0.5148884592673484
0.24644403118794103
0.37422414856384706
0.5271925861014854
0.30790267176207475
0.38867595320815357
0.27483267179339826
0.4651089974283863
0.5123921154047326
0.6425080397440618
0.4590494055443222
0.36645109049899327
0.42601024774054574
0.4175107815884481
0.4826783710251498
0.4177322111061139
0.518185933713346
0.6074938188700911
0.27602551993506874
0.5132412156933684
0.482976600891857
0.4791970666070428
0.5929606055376292
0.43437299767047827
0.4826427706443139
0.5212287705494517
0.5714080193872371
0.6015644097079144
0.4009654224520587
0.4538086477112756
0.2862560753205881
0.43417533469876546
0.48760600177401414
0.37286861497266227
0.34860427318417003
0.29812229202400703
0.4434300024997675
0.4882014598439946
0.5808292221769515
0.47186501216541504
0.3941653788246078
0.40297821641032333
0.4214974185926146
0.47742666822835556
0.4118201131582958
0.5167935114968013
0.5041004566278958
0.34544709879583513
0.5569380541336391
0.47990167950783613
0.45652799292478374
0.6142679343724932
0.3827792484633358
0.4670062589245962
0.5321830825606317
0.6129303751772862
0.6023067956246593
0.37195792688369433
0.49667240330554696
0.3136164466326187
0.379252133113141
0.5429294337121998
0.4360381980110429
0.3629509940474003
0.28386768658444117
0.4948014294471795
0.5176585132217898
0.6691406459735462
0.5037206596035596
0.4131185545709518
0.44794559131698725
0.4874624451281166
0.4837994054454074
0.41588272417392297
0.6035798441416694
0.6314878725641385
0.3109806701546257
0.5834261843898879
0.5146939227491132
0.496296883732963
0.6774043618638476
0.4649054913325499
0.5345741542922304
0.585913505764461
0.6453410862863864
0.6316487098251266
0.38308549221613536
0.4652288002511204
0.32510588593226714
0.3812603413957744
0.5150485632957471
0.4370386732425291
0.32092152716933187
0.3163402559578838
0.5003496274347526
0.4860056548585745
0.5779537779163383
0.45302837058205325
0.3630043730572252
0.42572935382510785
0.4300502919043042
0.44197941215851977
0.4159268239926978
0.536905871732933
0.5681852084652873
0.35257065083573297
0.49275882055264864
0.4866084175209797
0.5330308481868372
0.6917310300081122
0.4071968409073661
0.4706843031966401
0.5366725114996971
0.5419219040586697
0.6169685981172369
0.3972022180880565
0.5118568102966451
0.3268808314235334
0.42871656388540635
0.5271393675484011
0.39120172951890936
0.4292302037237016
0.31755172317984165
0.5304806375905325
0.5218314632530882
0.6698891044221499
0.5238572580067861
0.4245269341204708
0.441773334445858
0.498632555304959
0.5428918919402478
0.4930566463017916
0.5498754125839677
0.5955259104719041
0.37343908533111647
0.5744850018409396
0.5652928718827288
0.48463996293914324
0.6227747557811597
0.5022821539953155
0.5397755430649811
0.5618794740125176
0.6631838747357915
0.6337678551965783
0.3066729948349458
0.4678548693555139
0.31511314587980227
0.3486541663793096
0.5624369182766952
0.3760410532817983
0.34016613558810327
0.25264970731680425
0.4410865113530326
0.5316471489697026
0.6403244004479577
0.4841590763091794
0.38211480000022474
0.421267649762519
0.4563829981147469
0.4677484460105381
0.4182559551184564
0.5931548557386159
0.5972511861532254
0.28076232598801104
0.5324441107349852
0.5051249714552398
0.46112067150410446
0.6579512961620932
0.4690139125042917
0.4914560194848389
0.6518074097773912
0.6185577273741587
0.6544994105600033
0.4225986237326572
0.5577417082646915
0.37014254697009535
0.44215602599501125
0.5803520691001892
0.4738685097352977
0.3967887394433592
0.323074889083785
0.5452709951454798
0.5784538945092892
0.6802451505688925
0.5866909774893582
0.45736265991585506
0.49867432257641403
0.5494147582292043
0.5402993276849487
0.5283245242337734
0.6020956312150173
0.676672592724531
0.3613516873988988
0.561178844227317
0.5677837337493521
0.549676950268268
0.7104967239910592
0.513996104668231
0.5731236210107566
0.6337313002942013
0.6384841612211417
0.6045933075144988
0.4057816083832854
0.49210942532147317
0.3206592420870077
0.39508189361797985
0.5403505514588717
0.43001955832780725
0.3409619948016652
0.2993667163782976
0.47754413531608053
0.47982100525238636
0.5649253602982224
0.4300796362965321
0.3693005258718889
0.4050204062848462
0.4131621268769379
0.4719437176225129
0.41027774029331904
0.4743730172967324
0.5176054591401296
0.3476736000115667
0.5100455855458028
0.4961300165926705
0.4900084127045632
0.6591224782535339
0.38914568401384164
0.4628865770774378
0.5409717233590354
0.5308960285711688
0.6750284258326014
0.4379010101113032
0.5612265604903033
0.36575593295865205
0.4538752927422404
0.5581135207014277
0.4859250779990927
0.39454364954353693
0.3879941835993122
0.5817277692630725
0.5675217100080626
0.6694047836995646
0.570600349748118
0.43638152283847104
0.4980995601471359
0.5307281627705993
0.5259408859919485
0.5034382232569303
0.6293107009678234
0.6554373962452218
0.38590658155210245
0.5412958406986725
0.5614849009650607
0.5504610348080119
0.706173716502974
0.49664914893217743
0.5117207515208723
0.6042720440143574
0.64176491393497
0.6688531816782636
0.39667318426248627
0.47789903503860776
0.35622626589939654
0.38586438475312057
0.5456097579721111
0.4105405865819271
0.330096740244669
0.29600145957639323
0.476137361731763
0.5076668605677117
0.6476237317332919
0.5164487488537507
0.381360660810578
0.45868885548008814
0.457122709208072
0.4599574740921718
0.48624525091393267
0.5944567946638113
0.6113738923008146
0.32119474896297606
0.5598905283074473
0.5126699853464614
0.4967154573989121
0.6994010312068701
0.44193399687853097
0.5170416971480344
0.593498553118836
0.5955960900613533
0.6726021321593124
0.3542975859805817
0.5209139223501357
0.2961253501560812
0.3987938474839744
0.5868048771406081
0.41700048820174607
0.38937756630693704
0.2811332343331103
0.5058187870639055
0.5256777725078057
0.6523682979139791
0.5042155818644947
0.426923580676627
0.44931682660162275
0.46171161956299256
0.5076269191676632
0.46710204253642906
0.5919279551642189
0.6267241534210662
0.33932873167080113
0.619173179278816
0.536549897010008
0.4898195147699149
0.7068824347310118
0.47927203561703047
0.5254868327455473
0.5943343820234974
0.6579496719143247
0.5295251848495319
0.315356644081075
0.478315807342989
0.20303516114661033
0.3678838715769593
0.46521124948162584
0.32981482052336725
0.33047050371967013
0.23768369140781764
0.44900604486092793
0.45034884194390024
0.614634720769195
0.4503424637093672
0.31614681125324867
0.3647800733452201
0.4130047405415305
0.4866981077801073
0.3630404720149074
0.5458804612606225
0.5438934971274156
0.248947915046894
0.4738064429294097
0.4678289023417597
0.35394677426701643
0.5988532429309158
0.43161834094004103
0.4055257683108685
0.5634474307316473
0.6190458329463513
0.6307092945068016
0.34908813278859124
0.47137769629057175
0.2604550205929548
0.38973879622333846
0.5260079853116839
0.3870176019437318
0.3651880569123089
0.28487616777432034
0.4534045287921044
0.45144849131454934
0.582639665180708
0.43502607501235985
0.384029304106387
0.4168864699180143
0.4453740759205028
0.4629312134643556
0.43920253265471054
0.5379478461669142
0.5615017765936224
0.2872901698217829
0.5205236752181492
0.47001992678401244
0.4901177102100987
0.6222818483815157
0.4102430334917592
0.521601647272152
0.513711135244569
0.5728256611694006
0.6465361011780852
0.4358932216941399
0.5413261898795421
0.33659646734128607
0.4664544227460915
0.5470985991237021
0.41459736861165936
0.37653070804160244
0.37002717770646876
0.5469035368989869
0.5161011516706241
0.6009997242593419
0.5426829014693211
0.5293256975728
0.5230597834907877
0.46993125543737996
0.5177240905577625
0.5236667543709401
0.5644418726647701
0.6078893277361491
0.4287942751856824
0.6021528107745219
0.5895557029577486
0.5253112523258873
0.6630850159570859
0.5053897393764016
0.5238905888736018
0.608905541775905
0.6575971879742308
0.6178625679596698
0.3179224905722563
0.5250664818207731
0.2794866170510152
0.38353773238565086
0.5967060900194228
0.3952826037108433
0.41836790883593505
0.32010183212855364
0.4979649081876091
0.48353208565242795
0.6895712873223658
0.4977995175726261
0.39536276571168244
0.4167209883439509
0.5264641543817115
0.49855115762457813
0.49440534060113156
0.6049055338785312
0.6264322511741739
0.29095771184672525
0.5735637892041777
0.5337545619125073
0.5124619862810808
0.6172128645544335
0.46395881276239853
0.5432647915516291
0.5900058516834608
0.5949968867470455
0.6545028980362725
0.39809429279894337
0.5266277072847934
0.3246024319489647
0.40227796393205995
0.5939055231851983
0.47929195836614485
0.3569356122588318
0.32266216967249794
0.5558321167936008
0.5007567636265626
0.5856765663838955
0.49253172859180716
0.41596843998297717
0.44672274424971675
0.4248352010674084
0.4952013371256279
0.4457067447196834
0.54141264496995
0.5925442245110158
0.3847465762340652
0.5332258673189694
0.5153945617147427
0.4953760947370741
0.705793544764432
0.40613290379555367
0.4356406378891296
0.6047451650381249
0.5965878150160625
0.6735506576700888
0.3325064729183596
0.5145663399919324
0.2754318760361979
0.4104776269628712
0.5638744643645209
0.370780606247521
0.37313753647693676
0.2959105989355604
0.47749709065063983
0.49013486046606464
0.5965496409348183
0.48248698438150744
0.406801952520738
0.4149546506028733
0.40020536114931293
0.547157598584414
0.4379666346938908
0.5574932939079329
0.5901873442806302
0.30001161493001693
0.5629997532291294
0.5343902644916956
0.496754895472703
0.6892600416059956
0.38801376197608306
0.476154187824217
0.5482836153880527
0.6007346916885679
0.5432665428755389
0.32367701541234967
0.4699552175587888
0.2666742845512176
0.31142869058662165
0.49047360081368657
0.35018239952531965
0.34087799430982635
0.24170258515942586
0.4839667644316788
0.44165568183776976
0.6444158975801971
0.43701612449642385
0.33079950333155383
0.40504831848400646
0.41918414491635997
0.47638806584002286
0.3651684949569942
0.55847250904393
0.5960534739170597
0.2675582739319306
0.4710396971302435
0.4727039437985286
0.40831244353028573
0.577291256242095
0.4276428836047263
0.462474537155851
0.586556389074119
0.633156168249403
0.5072937461591225
0.3120399931344697
0.48652775236646684
0.22933609697909657
0.350714628928532
0.469009028639234
0.30261555965998743
0.3961576442880794
0.273430501634496
0.4324158731896432
0.48876414120314154
0.6609775680681861
0.4589673499418211
0.31822867184314607
0.3428575519922519
0.44324660115859515
0.5016619252085851
0.3560511840369317
0.5357874503448766
0.6130504112127457
0.25348747031153174
0.4741112966524542
0.4595185329970332
0.36902901031709523
0.5926349458131238
0.4559199844160696
0.4379958461945291
0.5002724467624305
0.5843624262934206
0.6265810515399665
0.39753939270694305
0.4868571138491426
0.36167522946682135
0.40531120827458705
0.5843886335593662
0.4185014815943925
0.35414762990026166
0.3364793606071745
0.5099574338233289
0.495396591803443
0.5963024085122616
0.4839960365032018
0.40782342589844417
0.4335402978181036
0.4992016612065686
0.5166974063688784
0.44772243582572885
0.5598063051943183
0.60133797383583
0.370198675587738
0.5501682930444641
0.5168453019639087
0.49813358540803676
0.6831642024125886
0.4871264620713403
0.5232670819529324
0.6043423054259791
0.6038437108809873
mean correlation between between SG1 and SG2 OTUs is  0.467702680339677
