Eigvals	68
0.275614497358	0.0370712418873	0.0303827507025	0.0179881812011	0.017179425348	0.0122895675279	0.00964561081929	0.00681451326644	0.00659689907072	0.00626446692925	0.00581545750897	0.00492513450795	0.00451529275952	0.00346482862958	0.00312871024938	0.00278450799671	0.00244219067981	0.00236050718708	0.00221570099738	0.00205921621147	0.00178340425809	0.0015453937464	0.00139393412639	0.00132741375923	0.00117623283556	0.00112799534486	0.000990214912593	0.000909147807888	0.000786511064874	0.000671593123828	0.000600725029353	0.000589984241326	0.00053864156808	0.000466353818603	0.00035646339593	0.000352361096769	0.000259101593477	0.000236995642688	0.000166936687934	0.000136925179746	0.000108826506923	2.34459379935e-05	0.0	0.0	0.0	0.0	0.0	0.0	0.0	0.0	0.0	0.0	0.0	0.0	0.0	0.0	0.0	0.0	0.0	0.0	0.0	0.0	0.0	0.0	0.0	0.0	0.0	0.0

Proportion explained	68
0.587529752531	0.0790250795254	0.0647671663592	0.0383455578384	0.0366215261536	0.0261977749268	0.0205616300738	0.0145265555021	0.0140626654826	0.0133540170781	0.0123968599034	0.0104989508403	0.00962528772266	0.00738600446207	0.00666949807131	0.00593575922132	0.00520603850485	0.00503191311331	0.00472322853533	0.00438964859515	0.00380169792396	0.00329432890536	0.0029714611538	0.00282965912512	0.00250738547289	0.00240455720644	0.00211084949495	0.00193803806296	0.00167661228178	0.00143164073598	0.00128057062026	0.00125767439168	0.00114822678136	0.000994130375078	0.000759876032664	0.000751131126884	0.00055232905582	0.000505205613761	0.000355860348024	0.000291884562468	0.000231986384222	4.99799041023e-05	0.0	0.0	0.0	0.0	0.0	0.0	0.0	0.0	0.0	0.0	0.0	0.0	0.0	0.0	0.0	0.0	0.0	0.0	0.0	0.0	0.0	0.0	0.0	0.0	0.0	0.0

Species	0	0

Site	68	68
Feb9-4-8	0.0567993338208	-0.0365269096352	0.0126691797058	-0.0151025633366	0.0168539651538	-0.0188365774221	0.00156300958757	-0.0078850671523	0.0111035664303	-0.0045673125217	0.0161157835331	-0.00637093006237	0.0112253813319	-0.00745570773809	0.0118902417112	-0.00856802390768	0.00410841390254	-0.0108589671658	-0.00038772620924	-0.0118412001324	0.00478637137064	-0.00449067527593	-0.0017170356961	-0.00057355427296	6.79210164511e-05	0.00311718458424	0.00127299300163	0.000273121342297	0.00403404585438	-0.00101858861052	-0.00150903418162	-0.0004465711182	-0.000225744821894	-0.000734305227886	-0.00138243430483	-0.000837627153075	0.00141163060218	0.0011100830555	0.00217925060901	0.00133353311521	0.000574217610327	-5.16554206639e-05	-0.0	0.0	0.0	0.0	0.0	0.0	0.0	0.0	0.0	0.0	0.0	0.0	0.0	0.0	0.0	0.0	0.0	0.0	0.0	0.0	0.0	0.0	0.0	0.0	0.0	0.0
Feb10-r3-a	-0.0698424437151	-0.0119711673095	-0.00314544841453	-0.00649548712305	-0.000446159550729	-0.00993575816448	0.0121892164797	-0.00284202452944	0.00223143022374	0.00662380617488	0.0110549659866	-0.00687406719512	0.00964359161097	0.00502035084332	0.00413080868585	0.00298071952157	0.00291605104578	-0.0019746035026	0.00288786437525	0.00405385597473	-0.00124679749424	-0.0031173065533	0.00358087098885	-0.00112915390347	0.000495569025807	0.00138432169438	-0.00142199519838	0.00737465342143	-0.000858864240081	0.00348655413728	0.00112170974505	0.00141000058873	-0.00264810215249	0.000984907665018	0.000280154400808	0.00103730223953	0.00216671380811	0.00256883695603	-0.00041120331219	-0.0012153572564	0.00049273311309	-0.00248416951896	-0.0	0.0	0.0	0.0	0.0	0.0	0.0	0.0	0.0	0.0	0.0	0.0	0.0	0.0	0.0	0.0	0.0	0.0	0.0	0.0	0.0	0.0	0.0	0.0	0.0	0.0
Feb9-5-b	0.0767550804165	0.0242463761429	-0.00213271205214	5.26675372984e-05	0.00660572393944	-0.00659988026741	0.0183066453318	0.0121948826755	0.00294286573587	0.00141415285927	-0.0131763520941	0.000975571504604	-0.00055797444823	0.00685286403383	0.00597172540644	0.000254120066779	-0.000690507880275	0.00234225511066	-0.00136340265673	0.00164002487973	-0.00183931323983	-0.00599936691507	-0.00106952786383	-0.00716045717187	-0.00606746628865	0.004131176793	0.000854579047203	0.000404567106973	-0.000673768096301	-0.00576140738421	0.00174763780218	0.00219757969711	0.00167477190176	0.00480577276233	0.00286565164183	-0.00169514744917	-0.00214203226044	0.00154676622856	-2.67312651295e-05	-0.00212061669988	0.00210881215916	0.00035148303653	-0.0	0.0	0.0	0.0	0.0	0.0	0.0	0.0	0.0	0.0	0.0	0.0	0.0	0.0	0.0	0.0	0.0	0.0	0.0	0.0	0.0	0.0	0.0	0.0	0.0	0.0
Feb7-15	0.0146004475017	0.0048349500091	-0.0171040007342	0.00766120146312	0.033674370422	0.00752733689869	0.00396439066358	0.007884760463	5.01371792944e-05	3.07762231516e-05	0.00765776883452	-0.00420906465076	-0.0183685437572	-0.00607345441707	-0.0115182590234	0.00498577719147	-0.000250233321626	0.00730417658616	0.000823767562556	-0.00959487584982	-0.000306546466793	0.00166991450093	-0.00448349362895	-0.00557415994611	-1.49343742535e-05	-0.00191743760838	-0.00667021178175	0.000245876883993	0.00430475351742	0.0024331557036	0.00507300281927	-0.00123911412197	0.001974938688	-0.00717883256308	0.00292941329913	0.00456324211996	-0.000715441724009	-0.00053789746732	5.41667004204e-05	-0.000934867404559	9.28388871465e-05	9.33237064821e-05	-0.0	0.0	0.0	0.0	0.0	0.0	0.0	0.0	0.0	0.0	0.0	0.0	0.0	0.0	0.0	0.0	0.0	0.0	0.0	0.0	0.0	0.0	0.0	0.0	0.0	0.0
Feb9-3-a	0.100240722207	0.0282591446715	0.009111073005	0.019282660437	-0.00905921620596	-0.00209235539326	-0.020158878733	0.00329685477485	-0.0160805166109	-0.0118001589378	-0.00122501452739	-0.0143762595153	-0.00161013908808	0.0045593947228	0.00447006069965	0.0107694924442	0.00797609763856	0.000720508711817	-0.0105008555653	-0.00074883521836	-0.00634852965436	-0.00436864053924	0.00410744210295	-0.00125485144534	0.00589128065105	-0.00416866419718	-0.00286642392599	0.000279660626301	0.00136734072393	-0.00048693453423	-0.00107998903773	0.00320850821837	-0.00155108033356	-0.00110298304812	0.00131747784343	-0.000742477317971	-0.000832805682337	0.00196993367912	0.0010272780911	0.000145623891921	0.00154398702416	0.000955322994249	-0.0	0.0	0.0	0.0	0.0	0.0	0.0	0.0	0.0	0.0	0.0	0.0	0.0	0.0	0.0	0.0	0.0	0.0	0.0	0.0	0.0	0.0	0.0	0.0	0.0	0.0
Feb9-5-a	0.0756807149107	0.0292075928979	-0.0285373748364	0.0282943748743	-0.0125291983214	-0.0124995176372	-0.00122020223881	-0.0153120633472	-0.00387631622115	-0.00474014285515	-0.00723791321179	0.00985303098534	0.00238043002712	0.00760490959689	-0.00238864491012	0.0103706564749	0.0134130152172	-0.00597855488014	-0.00100151409379	0.00305529599635	0.00423305868708	0.00748953494942	0.0013170291337	-0.00315705832072	-0.00447653581835	-0.00265576109083	0.00433672303004	0.00131587921981	0.00536777091116	-0.00172434349784	-0.000585954587058	-0.00492970106045	-0.00119960812427	-0.000168075975697	-0.00140454654399	0.000381808531608	-0.000660851808651	-0.000618491785797	4.98328596699e-05	0.000455952237357	-8.43707611004e-05	6.77402132645e-05	-0.0	0.0	0.0	0.0	0.0	0.0	0.0	0.0	0.0	0.0	0.0	0.0	0.0	0.0	0.0	0.0	0.0	0.0	0.0	0.0	0.0	0.0	0.0	0.0	0.0	0.0
Feb10-r4-a	-0.0343243744308	-0.00382785339978	-0.00381145157873	0.000416501666142	0.0129330393286	0.00414644162075	0.00256216590124	-0.00797404854009	0.00601802107103	0.0125899166634	-0.00910585663254	0.00583459363723	0.00646796879071	0.0094634617292	0.00255601602876	0.00218463358808	-0.00741502256961	0.0114396699551	0.0010685762717	-0.000774108040644	0.000601540851145	-0.000716792811003	-0.00211267298168	-0.00327639105543	0.0100879798938	0.00238934957251	0.00256151561342	0.00458341325398	0.00468309805435	-0.00507128763624	0.00295367954991	0.00351828394616	-0.00266523611523	0.00219413677267	-0.0033026040611	-0.00213665099182	-0.00336605666651	0.00299495634522	-0.000222288522547	-0.00305896449591	-0.00245213896959	0.000395345088877	-0.0	0.0	0.0	0.0	0.0	0.0	0.0	0.0	0.0	0.0	0.0	0.0	0.0	0.0	0.0	0.0	0.0	0.0	0.0	0.0	0.0	0.0	0.0	0.0	0.0	0.0
Feb9-3-b	0.0288274796149	0.0311287205166	-0.0172383118043	-0.022736157143	0.00839530179079	-0.0189248054492	0.00448305729042	-0.000849415363214	0.00952201402556	0.0140030536206	0.0131096271002	0.00870499193724	-0.00633962575319	0.00144978245743	-0.00363813998735	-0.00632783335312	-0.00318947434556	-0.00586254449043	0.00236442058356	-0.00178821369165	-0.00411515470832	0.00270010195952	0.00613864256125	-0.00421139095355	0.000319197545394	6.84908037909e-05	-0.00401663598304	0.0065556933514	0.00571752504083	0.00191991154713	-0.00212744450676	0.00173268574051	0.000838514454714	-0.000511184691353	0.00290420985172	-0.0023753989551	0.000876413798271	-0.000560733209691	0.000891742280158	0.000469880653049	0.00167080162122	-0.000129346792743	-0.0	0.0	0.0	0.0	0.0	0.0	0.0	0.0	0.0	0.0	0.0	0.0	0.0	0.0	0.0	0.0	0.0	0.0	0.0	0.0	0.0	0.0	0.0	0.0	0.0	0.0
Feb9-4-20	0.0174975381665	0.0142486914964	0.0167095649135	-0.019693941384	0.0144559426001	-0.00505190392885	0.010004304197	-0.0152801649901	0.011688239482	-0.019146437107	-0.0141761822589	0.00113178823244	-0.0106994968665	0.00304385323309	0.00225020648183	0.000596804025835	-0.00347692872301	-0.00347314372364	0.00174427341267	0.00693845882167	0.00396105355852	-0.00376919430234	0.000695534401726	-0.00265792685834	-0.00209438604189	6.364426363e-05	0.000345132418118	0.00125989100316	-0.000200819780906	0.0013216279277	0.00121821193285	-0.00156415597748	0.00624329800272	-0.00406518656495	0.0025456829036	-0.00238158805028	-0.000581704197234	1.9221762484e-05	-0.000354880127258	-0.00201215720632	-0.000409560628539	-0.000822260253587	-0.0	0.0	0.0	0.0	0.0	0.0	0.0	0.0	0.0	0.0	0.0	0.0	0.0	0.0	0.0	0.0	0.0	0.0	0.0	0.0	0.0	0.0	0.0	0.0	0.0	0.0
Feb8-55	-0.0518033481553	-0.022889186333	-0.00804321655816	0.00888406125129	-0.0189790548727	-0.0156162366081	0.00347918888811	-0.00688866806571	0.00874601808789	0.00489923476829	0.000837927940604	0.00407328162029	-0.00193980059483	0.00633412849692	-0.00224769501918	-0.00205035147515	0.00331260643801	-0.00673476498256	-0.00402865761563	0.00122402896789	-0.00737401794441	-0.00286704729363	-0.00207000637349	0.000205356555302	0.00662116252406	-0.00820310627604	0.00672490236145	-0.000836858596256	0.00454575985223	-0.00222986285067	0.00203558310725	0.000514980542258	0.00739051201267	-0.00235850056336	-0.00184087862098	-0.00563281807795	0.00138292421505	-0.000675758414213	0.000236791832005	0.00165474839941	0.000584868087702	-9.98976194133e-05	-0.0	0.0	0.0	0.0	0.0	0.0	0.0	0.0	0.0	0.0	0.0	0.0	0.0	0.0	0.0	0.0	0.0	0.0	0.0	0.0	0.0	0.0	0.0	0.0	0.0	0.0
Feb9-2-a	0.0734859167623	0.00926285974827	0.00501718205265	0.000183627858608	0.00744053306922	-0.0231162265471	-0.00104538022409	0.0144217153908	-0.00810849059555	-0.00876931850605	-0.00658467742006	0.00153162474224	0.00613173067908	0.0217755802329	-0.000602153021224	-0.0166054813802	-0.0101513567651	-0.0050141222494	0.000776758938529	-0.00108014482139	0.00479147961094	0.00659604122978	0.00561046250322	0.00101073649511	-1.27646113402e-06	0.00102415997328	-0.00497527814565	-0.000888243419618	0.000210665343702	0.00241395367712	-0.00166417373806	-0.0015984651684	0.00131764248985	-0.00406738716606	-0.00263862734896	0.000526427322071	-0.00281111834487	0.000150241943363	-0.00213264826695	-0.000765304018759	-0.000853421179736	-0.000288422265725	-0.0	0.0	0.0	0.0	0.0	0.0	0.0	0.0	0.0	0.0	0.0	0.0	0.0	0.0	0.0	0.0	0.0	0.0	0.0	0.0	0.0	0.0	0.0	0.0	0.0	0.0
Feb9-4-4	0.0512379529089	0.0239132518734	0.00144052225872	-0.010396907302	0.00742973286315	-0.0256694854513	-0.00654055534806	-0.000995241576579	-0.0156365552331	-0.000540633122813	-0.00953775731537	0.00866673487496	-0.0119353177439	6.76694351348e-05	0.000401641237177	-0.00421600406055	-0.00565974944864	-0.000581492599742	0.0109131452633	-0.00660872538123	0.0046960801498	-0.00280759141384	-0.0136517240695	0.00347112939578	-0.00257441934168	-0.00425735096493	0.00530956442657	0.00105392186974	0.00167223435158	-0.00039089768142	0.00164474627431	0.00121408660826	-0.000754946802241	0.00344473423545	0.00146585711339	0.00358455335197	0.00169986119651	0.00130947251443	-0.000322209541198	0.00116306437804	-0.00182117621254	0.000540704098586	-0.0	0.0	0.0	0.0	0.0	0.0	0.0	0.0	0.0	0.0	0.0	0.0	0.0	0.0	0.0	0.0	0.0	0.0	0.0	0.0	0.0	0.0	0.0	0.0	0.0	0.0
Feb8-65	-0.0475864706803	0.00249333609401	0.000711032312026	0.0214927422585	0.00159761878686	-0.00812150950742	-0.00207273119786	-0.00350086198324	0.00278138107496	-0.0137031250651	-0.000871602376569	0.012072134521	-0.00282350710953	0.00661203951884	0.0123186665087	-0.00943280436693	-0.00132252373131	-0.010024855867	-0.00514163002443	-0.0125226861778	-0.00250834998305	-0.00061347324472	0.000630532413861	-0.00313249472241	0.00772417664955	0.00200609156104	-0.00373518528297	-0.00833961632256	8.67221672066e-05	0.00333568756389	0.00141156863619	0.00205195242654	-0.00443114932204	0.00236121268329	1.67029969652e-06	0.00187821773038	-0.00083590822622	0.0020673321272	-0.000608667887355	7.44377690431e-05	-0.000454066665054	-0.000358526440168	-0.0	0.0	0.0	0.0	0.0	0.0	0.0	0.0	0.0	0.0	0.0	0.0	0.0	0.0	0.0	0.0	0.0	0.0	0.0	0.0	0.0	0.0	0.0	0.0	0.0	0.0
Feb9-4-b	0.107542004167	0.0591753210994	0.000252503719958	0.00969661858331	-0.0166515496027	0.0318490785307	0.0264280277601	-0.0212969155594	-0.0186761385852	0.0123350040514	0.00146824610762	0.00332375631407	-0.00653732446733	0.00423528336243	0.0111936203578	0.00386300507197	0.00310985575368	-0.00536671316002	0.00751002044986	-0.0029300986889	-0.00389804066314	0.00389634391174	0.00172805911666	-0.000241731066937	0.00103022148359	0.00306767256341	-0.00320979543888	0.00253211834843	-0.00231970125542	0.00215697481667	0.0021533591087	0.00125017783939	0.00230219385989	-0.000600404261835	-0.000268541293709	0.000661493543714	0.00290109112193	-0.00102233706959	-0.000202299757881	0.000891518447403	-0.000832587394995	-0.000182607675432	-0.0	0.0	0.0	0.0	0.0	0.0	0.0	0.0	0.0	0.0	0.0	0.0	0.0	0.0	0.0	0.0	0.0	0.0	0.0	0.0	0.0	0.0	0.0	0.0	0.0	0.0
Feb9-7-b	0.0735131241195	-0.00446674426469	0.013330032214	-0.00190990653247	0.000383663374455	-0.0185385510246	-0.0106488052231	0.00438460640648	-0.0050005147883	-0.00282147309563	-0.00230121396626	0.0146009923271	0.00827098022728	-0.00773762402106	-0.00440238265214	0.000945902814241	-0.00697011944233	0.0126992809502	0.00677714453867	-0.00389342993889	-0.0106160292245	-0.00583147893462	0.00796952142849	0.00260704331318	-0.00146065914738	-0.0040752813225	-0.00282343813642	0.000459574817906	0.00390494056946	-0.00470483954293	-0.0005977178315	0.00214671078406	-0.00102402372014	-0.00172872110904	9.66239988689e-05	0.000765261923005	0.00538534908909	0.000152745483981	0.00118328987563	0.000707871300317	-0.00146101781938	-0.000315920791778	-0.0	0.0	0.0	0.0	0.0	0.0	0.0	0.0	0.0	0.0	0.0	0.0	0.0	0.0	0.0	0.0	0.0	0.0	0.0	0.0	0.0	0.0	0.0	0.0	0.0	0.0
Feb8-12	-0.0658600846672	-0.0307369898219	-0.00871294437203	0.00387055863931	-0.0255584862172	-0.00583954527629	0.00504189143547	-0.0160255118812	-0.0059103991939	-0.0222458124676	-0.00495460668771	-0.0106727005272	0.00123848806714	0.00132883081686	-0.0177216663117	-0.0093274535601	0.0100197698728	0.00280724565942	0.00565263790306	0.00710590952129	0.00339075226843	0.00956124457641	-0.00344484656315	-0.00501331311882	0.00152545706924	0.00221830655676	-0.00175300601067	0.000266541799986	-0.000880037069211	-0.000897485907049	-0.000768917617683	-0.00048744535289	-0.00257532563485	-0.0011293347864	-5.55798931593e-05	0.000780505997101	0.000326605816819	-0.000304218815058	2.47445423266e-05	-0.00127637698723	-0.000716868914791	-0.00058696489977	-0.0	0.0	0.0	0.0	0.0	0.0	0.0	0.0	0.0	0.0	0.0	0.0	0.0	0.0	0.0	0.0	0.0	0.0	0.0	0.0	0.0	0.0	0.0	0.0	0.0	0.0
Feb9-6-a	0.0926210295668	-0.0168497015335	0.0271371509533	0.0101968041351	-0.0114781884772	-0.0142895436762	-0.0144791285313	0.0176356728781	0.00860599588551	-0.0115950271462	0.00704460352708	0.0129396879325	-0.0137732741338	-0.00553383446336	-0.0112088452555	-7.21819975678e-05	0.0064312419774	0.00678275674732	-0.00183950863337	-0.00250710622407	0.00507716908021	0.000701063599159	-0.00390610430261	-0.00290687287795	0.00575064167649	0.00975043727701	0.000242097625743	0.00288010622865	-0.00312295643104	0.00160946247876	0.00389965743451	0.00153283594084	0.000155074452476	0.00197387217577	-0.00103311416388	-0.000258593522848	0.00121859085865	-0.000671132252642	0.00145418864927	-0.000308631410544	0.000556499527866	-8.33734955628e-05	-0.0	0.0	0.0	0.0	0.0	0.0	0.0	0.0	0.0	0.0	0.0	0.0	0.0	0.0	0.0	0.0	0.0	0.0	0.0	0.0	0.0	0.0	0.0	0.0	0.0	0.0
Feb7-9	-0.0360640209751	0.00626249246227	-0.0261531592092	-0.0072123381592	-0.00072773575752	0.0184330319304	-0.00549269812689	0.00213821583153	0.000921640379049	-0.00569789925261	0.00470421895882	-0.00399354900425	0.0109518983037	0.00588781940466	0.00438189867103	-0.00887878281226	-0.00157729978246	0.00352308169607	-0.00497975586626	-0.000272995772369	0.00287316813392	0.00520913300836	-0.00318291323437	0.00416572519965	-0.00440656848212	5.52368030041e-05	-0.0092912568608	-0.000881823865519	0.00317485291552	-0.00852549741804	0.00304549022185	-0.00137068237804	-0.0055439279786	0.00213494616519	0.0023942412111	-0.00358265459587	0.00155561967966	-0.00334424612971	-0.000143382214195	0.00126240513511	0.000476237608838	0.000293855737047	-0.0	0.0	0.0	0.0	0.0	0.0	0.0	0.0	0.0	0.0	0.0	0.0	0.0	0.0	0.0	0.0	0.0	0.0	0.0	0.0	0.0	0.0	0.0	0.0	0.0	0.0
Feb10-r5-a	0.00806666696618	0.0159491640228	-0.0238751177619	-0.00463536956108	0.0164613324288	0.0106111093039	0.0044304967283	0.000418530788787	-0.00432432236323	-0.00994304484157	0.0219014385123	0.00467502804237	-0.00156692860766	0.00403728920195	0.00214525967888	-0.00110429821615	-0.000324588015613	0.000592141292828	0.00112573264555	0.00620074828377	0.000485348672404	-0.00630483525162	-0.00634818790882	-0.0041863713812	0.00115991043278	0.00113937976836	0.00100732724302	-0.00903432349779	-0.00377033801899	0.00229667807122	0.000116546649689	-0.00173637155379	-0.00378196468163	-0.00256086203507	-0.00136991973536	-0.0016811660379	-0.00197654563293	0.000637672373193	0.00380596933016	0.000168022741053	-0.00146275468078	-0.000382623249425	-0.0	0.0	0.0	0.0	0.0	0.0	0.0	0.0	0.0	0.0	0.0	0.0	0.0	0.0	0.0	0.0	0.0	0.0	0.0	0.0	0.0	0.0	0.0	0.0	0.0	0.0
Feb10-r6-a	-0.0108717096269	-0.000650228847278	-0.0205283256198	-0.00399093916639	0.00803429157427	0.00748544097676	-0.00381355190738	-0.0113592900151	0.00696157488499	0.00114306257984	-0.000902119786858	0.0100447545488	0.0047351708506	0.0068883251445	-0.00892807074202	0.000340057560415	-0.00798016632656	-0.00523910462716	-0.00583972419338	0.00471970605571	-0.00444870880167	-0.00542111101426	-0.000121328774751	0.00436460227686	-0.00134163323226	0.00120223260429	-0.00245918426105	-0.00238282556736	-0.00192097625402	0.0072990086016	-8.15040313848e-05	-0.00702232940981	0.00140668040559	0.00541952086572	-0.00140303065145	0.00123560802248	0.00481669483857	-0.00140751959222	0.00364656047092	-0.00369386928405	9.97643590415e-05	0.000816655270543	-0.0	0.0	0.0	0.0	0.0	0.0	0.0	0.0	0.0	0.0	0.0	0.0	0.0	0.0	0.0	0.0	0.0	0.0	0.0	0.0	0.0	0.0	0.0	0.0	0.0	0.0
Feb9-4-17	0.0374081890105	0.0518825741863	-0.00279551586156	-0.0237293570318	-0.0197568705702	-0.00430271787837	-0.0193522228962	-0.0164866907442	0.0061317338383	-0.00218648040835	0.0177335923163	-0.00734887479292	-0.00122089707315	-0.0164611104632	0.00435811781272	-0.00518762595105	0.000933393378197	0.0023274371419	-0.00897170390456	0.00497019251609	0.000597112451079	-0.000930489330157	-0.000581441859582	-0.00341347942764	0.00233305252335	-0.00537168803454	0.00330206798156	-0.00521388209428	-0.00323564537238	-0.00319860353901	0.00341492949055	-0.00199774513742	0.00285844909194	0.000824815799221	-0.00222423223605	0.0010534815837	6.45153480252e-05	0.001235118811	-0.00212231992665	-0.000186165478169	-0.001173528974	-0.000266079219228	-0.0	0.0	0.0	0.0	0.0	0.0	0.0	0.0	0.0	0.0	0.0	0.0	0.0	0.0	0.0	0.0	0.0	0.0	0.0	0.0	0.0	0.0	0.0	0.0	0.0	0.0
Feb8-33	-0.0394791848139	-0.0102231760788	-0.00592543879678	0.00274472595722	-0.00180726074855	0.00282884887491	-0.000878320996881	-0.00865408026859	0.00233828717667	0.00388043649318	-0.00338439085941	0.0137678730241	0.0078616664813	-0.00873182172412	0.00140321572202	0.00227009840963	0.00363611725556	0.00989756014444	-0.00435726966267	-0.010694478539	0.000617463474539	0.00129404248932	0.00903523655018	-0.0105492123526	-0.00306018621459	0.00321432174737	0.000758357572457	-0.00572907152429	0.00388332121531	0.000875991696672	-0.000751126400508	-0.000296552054077	-0.000843993989397	-0.00322271293665	-0.00433926942	-0.000472669967593	0.000772613932578	-0.00327547149669	-0.00200642534038	0.000668389198605	0.000102414061436	2.72681713502e-06	-0.0	0.0	0.0	0.0	0.0	0.0	0.0	0.0	0.0	0.0	0.0	0.0	0.0	0.0	0.0	0.0	0.0	0.0	0.0	0.0	0.0	0.0	0.0	0.0	0.0	0.0
Feb8-5	-0.0526051894984	-0.00684762783673	-0.0341426881607	-0.00347039719847	-0.00677667701706	0.00954429920491	-0.00904437774429	0.0053128198894	0.00306436811202	0.0140717790932	-0.00547887077991	-0.0111530833519	0.00372894342486	0.00445249215436	0.00552928371332	-0.00826079857354	0.00548142268001	0.00428997903503	-0.000823249164076	-0.00811755934455	-0.00689091845452	-0.00522753656624	-0.00500233027886	0.00161216351468	-0.00326740713807	0.000851639773774	0.00600508209294	0.00263066001265	-0.00162379089124	0.000469580232762	-0.00759530601861	-0.000847860106876	0.00104956524383	-0.00470749792686	-0.00149339480803	0.0046993476715	0.00067363183289	0.00273624368609	0.000511842985663	-0.00224142480699	0.00195698113868	-1.60991239711e-05	-0.0	0.0	0.0	0.0	0.0	0.0	0.0	0.0	0.0	0.0	0.0	0.0	0.0	0.0	0.0	0.0	0.0	0.0	0.0	0.0	0.0	0.0	0.0	0.0	0.0	0.0
Feb8-2	-0.044413040746	-0.0126128071083	-0.0293137001812	-0.0380452822974	-0.000755719077229	0.0131886680156	-0.0160508306606	0.00958770287686	-0.00752648660055	0.00519842510104	-0.00764553894452	-0.00131937560314	-0.0147300894512	-0.00734677271636	0.00200548039728	0.00476762170219	0.00846453125649	-0.00891492697125	0.00624487861917	-0.00569495092496	0.00147779890304	0.00364361606255	0.002541998182	0.00314332276647	0.00129117816268	0.000922144690025	0.00528097632072	-0.000687970627028	0.00146786910262	0.0015290630086	0.00730573605222	-0.000598441526364	-0.00119470069897	0.00302399590849	-0.00376266433983	-0.00175829887371	-8.88983967248e-05	0.00103507428006	-0.00085679348113	-0.0014584751959	-0.000261223902417	-0.000282282554891	-0.0	0.0	0.0	0.0	0.0	0.0	0.0	0.0	0.0	0.0	0.0	0.0	0.0	0.0	0.0	0.0	0.0	0.0	0.0	0.0	0.0	0.0	0.0	0.0	0.0	0.0
Feb9-4-11	-0.0499399379729	0.0117902527894	0.0748191668459	0.00970582179624	-0.0225537680293	0.00844311630813	0.0205158243675	-0.0103007950219	-0.00807761471158	0.0105668279333	0.00362753665064	-0.00144935411757	0.00309383308238	-0.00197243568006	-0.0122730843395	-0.00307656597821	-0.00434704008517	-0.00231953554413	-0.00830283512132	-0.00285170130609	-0.00425842835974	0.00282083400177	-0.000361863060971	0.00218718857348	-0.000129836552189	0.00206144627385	-7.56077245674e-05	4.30438456276e-05	-0.00349632040156	-0.00250853405683	0.00136029326019	0.00142734661673	0.000300724675105	0.000331306209341	-0.00164830019815	0.00129053062906	-0.000652375080114	0.00272718898421	-0.00123332090502	-1.94036174717e-06	0.000154412006182	-0.000149257198547	-0.0	0.0	0.0	0.0	0.0	0.0	0.0	0.0	0.0	0.0	0.0	0.0	0.0	0.0	0.0	0.0	0.0	0.0	0.0	0.0	0.0	0.0	0.0	0.0	0.0	0.0
Feb9-8-a	0.0188054342021	-0.00288073814594	0.00450771789653	-0.00836780615934	0.0321593079424	-0.00414713761579	0.0143008623041	-0.00122966184952	0.0139344854893	-0.00737163623374	-0.00186137619496	-0.00825209094311	0.0108846257704	0.00655879942771	-0.00622853601589	0.00552421788438	0.00729226790586	-0.00661918604082	0.0108306818601	0.0010394538022	-0.00857690284288	0.00312560039056	0.00139048516581	0.001706830376	0.00625845517308	-0.0105892626007	-0.000324500598156	0.000970128035974	-0.00483647540983	-0.00392531590658	0.00174304028507	0.00321433715883	-0.0027334812651	0.000390987325137	-0.000198135556558	0.00189076807562	0.00130410799716	-0.00123875999704	0.000462830256613	-5.18801788129e-05	-0.00180640420941	0.000539769591982	-0.0	0.0	0.0	0.0	0.0	0.0	0.0	0.0	0.0	0.0	0.0	0.0	0.0	0.0	0.0	0.0	0.0	0.0	0.0	0.0	0.0	0.0	0.0	0.0	0.0	0.0
Feb7-6	-0.0764702679613	0.0285765847306	-0.00555827166274	-0.022487296862	-0.00509331425715	0.00476779659241	0.0188388964604	0.0297851246435	-0.00801654468661	-0.0169338291358	0.0022099915646	0.00763328013556	0.0284527806128	-0.0135774897139	0.0057767653004	-0.000400266887994	0.0044883209219	-0.00189131481091	0.00432764769581	0.00127654807994	-0.00054912298227	0.00104755838564	-0.00268617311392	0.00296625990728	0.00272720355257	-0.00463755609755	0.00197185141728	0.000452949416885	0.00224036367851	0.00224473659272	0.00159265512292	-0.00192339129246	0.00339434679805	-0.00114949915343	0.000100007600746	0.000983630912922	-0.00259059691662	-0.000148950480253	-0.000961778861327	-0.000928196993806	0.00120273616149	0.000445494230124	-0.0	0.0	0.0	0.0	0.0	0.0	0.0	0.0	0.0	0.0	0.0	0.0	0.0	0.0	0.0	0.0	0.0	0.0	0.0	0.0	0.0	0.0	0.0	0.0	0.0	0.0
Feb9-4-30-a	0.0886640981907	-0.0366154760152	0.00331363434966	-0.00718012505628	-0.00423472829187	-0.0313089696486	-0.0124383675721	0.00515557033586	-0.000154632451226	0.0124024981618	-0.000878302748471	0.00971592114027	0.0042994203372	-0.000310640103368	0.00650172075877	0.0150008600454	0.00806743228211	-0.00429896595659	-0.00351556160594	0.00620312118198	-0.00701190051929	0.011459838616	-0.00437928706019	0.00219361194557	-0.00250695716707	0.00401140772621	-0.00552108286251	-0.00360624682201	2.82693397951e-05	0.00146305197031	-0.000218424787469	0.000159074711337	0.000415353679618	-0.000124287114944	0.00040267865444	0.000284537614595	-0.00188057569153	0.000810360225344	-0.00117319285668	-0.00195063719028	0.00154611353024	7.19514116239e-05	-0.0	0.0	0.0	0.0	0.0	0.0	0.0	0.0	0.0	0.0	0.0	0.0	0.0	0.0	0.0	0.0	0.0	0.0	0.0	0.0	0.0	0.0	0.0	0.0	0.0	0.0
Feb9-4-14	-0.00117600112495	0.0390983572542	-0.0121525439352	-0.0280517282868	-0.0381040674451	0.00331173858304	-0.0233571622611	-0.00897839303115	0.0124979185778	-0.0110028205668	-0.0179049955238	-0.011490393987	0.00295701535785	-0.00232392136883	-0.00901767210677	0.00241700643297	-0.00326098828696	-0.00285900569174	0.00732280794167	-0.00152001630546	-0.00408409904295	-0.0015223821591	0.00117315253438	-0.000470345620518	0.00127677623876	0.00382475559248	-0.000975315899951	-0.00269787230127	0.0015692505315	0.00177841645114	-0.00428121090855	0.00327604884144	-0.00382384887898	0.00083786630702	0.00173384933254	0.000321454757343	-9.34327893045e-05	-0.00122197643368	0.00143819351823	-0.000388997416263	0.00158172754208	9.48310988757e-05	-0.0	0.0	0.0	0.0	0.0	0.0	0.0	0.0	0.0	0.0	0.0	0.0	0.0	0.0	0.0	0.0	0.0	0.0	0.0	0.0	0.0	0.0	0.0	0.0	0.0	0.0
Feb9-1-b	0.00782532179192	-0.0132714822121	0.0673280580782	-0.0204000271774	0.008536142985	0.0355272112655	-0.0165358201131	-0.00233690590788	0.0112822451507	0.0115813363629	-0.00977619762992	0.000515229046336	-0.00358337183519	0.000974096865222	0.00728830355732	-0.0092790736711	0.00134005670484	0.00154106833076	-0.00302943477427	-0.00221463676563	-0.000779500683202	0.00745865718787	0.00117202069512	0.00268519712953	-0.000641491453287	0.00158674594032	-0.00266798746774	0.000655083788196	0.00342434615073	0.000198385482649	0.000736721779812	-0.00244882561896	-4.4632584326e-05	0.000650376537895	0.000102356378119	-0.000281813345934	-2.14356593357e-05	0.000425220623942	0.00151702076451	-0.000229727978146	-0.000229811977309	1.03843350933e-05	-0.0	0.0	0.0	0.0	0.0	0.0	0.0	0.0	0.0	0.0	0.0	0.0	0.0	0.0	0.0	0.0	0.0	0.0	0.0	0.0	0.0	0.0	0.0	0.0	0.0	0.0
Feb9-4-26	0.150568458493	0.00192228502404	0.0121906483996	0.00788377413586	-0.0302707991063	0.0178617275653	-0.00569050934759	-0.00514564902019	0.00947865976382	0.00100706221411	0.00767848614842	-0.00491884220196	0.0138312783695	-0.00770255489127	0.00735517400971	0.00625028527452	-0.0113124509475	-0.00419031732092	0.0120164619255	-0.00161848517	0.00734159670408	-0.00148190852547	-0.00163897735215	-0.00575900908519	0.00398836688874	0.00577554692914	0.00373759549686	0.0037965571008	0.0012594531726	-0.00123911384607	-0.0017215630958	-0.00266541163548	0.000176618836757	-0.00207289310583	0.00222335688483	0.00238248718702	-0.00196277278849	-0.00104266578734	0.000323740633395	-0.000471504123741	-0.000484210829394	0.000146190032234	-0.0	0.0	0.0	0.0	0.0	0.0	0.0	0.0	0.0	0.0	0.0	0.0	0.0	0.0	0.0	0.0	0.0	0.0	0.0	0.0	0.0	0.0	0.0	0.0	0.0	0.0
Feb9-8-b	0.0239629115276	-0.000382255040786	0.00471001592607	-0.0113728520223	0.0194011713561	0.00269292478062	0.00377811017524	-0.0042397861127	0.00168427590994	-0.00815049789677	0.00316654918484	-0.00467241491102	0.00159064138767	0.00752166364557	0.00311275173575	0.0108339004734	-0.00478042312181	0.0129971995053	0.00801119432305	-0.00687855397309	-0.00285407344913	0.00684510238504	0.00374589902121	0.000460182259577	-0.00960857508771	-0.00175259843661	0.00472771276595	-0.00172956714443	-0.00292955631033	0.000608299397022	0.00396915724608	-0.0055432978461	-0.000107268799276	0.00321641654166	-0.00391442419867	-0.00202003413126	-0.00057343966356	0.00110760842494	0.00037892428603	0.00054800028802	0.00205793852821	-0.000267392757928	-0.0	0.0	0.0	0.0	0.0	0.0	0.0	0.0	0.0	0.0	0.0	0.0	0.0	0.0	0.0	0.0	0.0	0.0	0.0	0.0	0.0	0.0	0.0	0.0	0.0	0.0
Feb9-1-a	0.0299377005397	0.016968729309	-0.0153281228113	0.0143114346912	0.0163201236014	0.000376118292207	0.00578096263861	-0.00366405954098	0.0205429223615	-0.00154391757661	0.0128423339829	-0.0049339953125	-0.0139527860575	-0.00189473508419	0.00203560095377	-0.000929127025681	-0.000235690668067	0.00291796715189	-0.00480446507242	-0.000550158557466	-0.00447851887843	0.00505606019318	0.00348997077514	0.0117715824931	0.00607369505363	0.00105172995117	0.00558491816091	-0.00400129654501	-0.00224712638262	-0.00213863996313	-0.00348701667306	0.000432314031979	-0.00329665347162	-0.000134696568532	0.00224455897633	-0.000336347706805	-0.00172804291621	0.000190875633319	-0.000980403440489	-0.000956390911609	-8.09215204831e-05	0.000186445788369	-0.0	0.0	0.0	0.0	0.0	0.0	0.0	0.0	0.0	0.0	0.0	0.0	0.0	0.0	0.0	0.0	0.0	0.0	0.0	0.0	0.0	0.0	0.0	0.0	0.0	0.0
Feb8-53	0.0727028515735	-0.00141621028499	-0.00898634930352	0.0475229554467	0.0177333996673	-0.00241819472961	-0.0246713292065	0.00799294172068	-0.00720892381264	0.0214839269947	0.00748662227396	-0.0136961032066	0.00747307958341	0.00958040530512	0.00312843042366	-0.00389251003637	0.0023797928119	-0.000618015426997	0.00366906861058	0.00769289489253	0.0069964402712	-0.00047724707241	0.000797579633202	-0.00116379733644	-0.000293147844589	0.00110811713627	0.00323136861553	-0.0026841611922	-0.00144731395515	0.00124238061822	0.00113569762761	0.000913312984901	0.00220573221565	0.00180400923114	-0.000455579612949	-0.000633961277582	0.00294850058294	-0.00104843390045	-0.000187579220032	0.000584547935053	2.90368498954e-05	-0.000281750702318	-0.0	0.0	0.0	0.0	0.0	0.0	0.0	0.0	0.0	0.0	0.0	0.0	0.0	0.0	0.0	0.0	0.0	0.0	0.0	0.0	0.0	0.0	0.0	0.0	0.0	0.0
Feb10-r7-a	-0.0114469782774	0.0170267382583	-0.00638773839471	0.00750892814704	0.0029247743128	0.0267005615252	-0.00816395097258	-0.00219451655149	-0.00511349788102	-0.0131933424605	-0.00123558769212	0.00863837332271	-0.00234149313666	0.00694481478909	0.00290121782303	-0.00275419145103	-0.00044401604661	-0.00219283185514	-0.00436802544719	0.00486454288231	0.00142566203898	-0.00852588486094	-0.00182068974294	0.00801751583889	-0.000587918107246	-0.00146775419813	-0.00472898925703	0.000898915450241	0.00430602893206	0.00207480937822	0.00220408828197	0.00226827964264	0.00299878375148	-0.00116081568605	-0.00301330831203	0.00309920948189	-0.000272047820959	0.000219218162364	-0.00258297113785	0.000820831040914	0.00167498290117	0.00029081632356	-0.0	0.0	0.0	0.0	0.0	0.0	0.0	0.0	0.0	0.0	0.0	0.0	0.0	0.0	0.0	0.0	0.0	0.0	0.0	0.0	0.0	0.0	0.0	0.0	0.0	0.0
Feb8-7	-0.0600568016744	-0.018235126145	-0.00413738073457	-0.00641793012713	0.00221594511663	-0.00221540051413	0.0104229524486	-0.00295616327123	-0.00383451261299	0.00823500511467	0.00127927143892	-0.000516890898562	-0.010966332634	0.000555420172039	0.00329828111544	0.00280153377133	0.00229728474676	0.00781940076904	0.00619174888037	-0.00326312320283	0.00106149636412	-0.00141797843182	-0.000932344577565	-0.00647586802162	0.00669349320482	-0.00464620397372	-0.0084568360703	-0.00694582618205	-0.00311829610321	-0.00404712642351	-0.00875867251415	-0.00317365821334	0.00556884220642	0.00388305365482	-0.00148567694022	0.00261904903493	0.00104429465465	-0.00135411486778	-0.00226421791367	-0.00109868440838	0.000593321818877	-0.000104073989742	-0.0	0.0	0.0	0.0	0.0	0.0	0.0	0.0	0.0	0.0	0.0	0.0	0.0	0.0	0.0	0.0	0.0	0.0	0.0	0.0	0.0	0.0	0.0	0.0	0.0	0.0
Feb9-4-2	-0.0913484447909	0.0416616567759	0.0431661279597	-0.0116079636078	-0.0193793353068	-0.0182771293713	0.0060429618654	0.009223077157	0.0239480323708	0.00525530063145	0.00158477760057	-0.0116341963226	-0.0134940556519	0.0135750734084	0.00528236013464	-0.00181059129026	0.0145792722081	0.00488547917321	0.00471118720422	0.000441608169581	0.0038312975154	-0.00371353695052	-0.00260515754694	0.00118673880915	-0.00542499170623	-0.000258817704626	-0.00174367700418	0.000293746760835	0.00107524665462	0.000998203371419	-8.22331214119e-05	0.00101875531883	-0.00141532249768	-0.00125494764301	-0.00115128473434	0.000115244200642	0.0010189644564	-0.00120283533057	-5.02281272078e-05	0.000985139213724	-0.000335383503984	0.000518646644935	-0.0	0.0	0.0	0.0	0.0	0.0	0.0	0.0	0.0	0.0	0.0	0.0	0.0	0.0	0.0	0.0	0.0	0.0	0.0	0.0	0.0	0.0	0.0	0.0	0.0	0.0
Feb9-7-a	0.0755209616722	0.00648868060952	-0.0197692459784	-0.00192601886335	-0.00363843152665	-0.0148343465115	0.00893944243599	-0.00384273724371	-0.00231543395756	0.00667005644986	-0.0166084562979	-0.00658103951041	0.0174175876245	1.97225241616e-05	-0.00947594773013	-0.00465981047175	-0.00374305478239	0.00656129344541	-0.0115703960837	-0.00379019640401	0.00239917598676	-0.00247388949947	0.000276255650128	0.00095925659873	-0.00321760785819	0.00217255778916	0.00450766551266	-0.00582547198734	-0.00403696726062	0.00100290197555	0.0046041463003	0.00339657810845	0.00185222743526	-0.00222848419453	0.00162147346817	0.000774285128912	0.00150133159318	-0.000223836233565	-0.000220536845086	-0.000604007708096	-0.000825560325324	-0.000289497366745	-0.0	0.0	0.0	0.0	0.0	0.0	0.0	0.0	0.0	0.0	0.0	0.0	0.0	0.0	0.0	0.0	0.0	0.0	0.0	0.0	0.0	0.0	0.0	0.0	0.0	0.0
Feb7-20	-0.0373867208961	-0.00873065417025	-0.0034777678327	-0.0191335991946	-0.000359309263543	0.00455896192698	-0.00823041071089	-0.00524655774004	-0.00673089647598	0.00361651076533	-0.000718833673052	0.0185054586436	0.00157697598585	0.000837770366946	0.00820853331303	0.00292609978258	-0.000621959982791	-0.000340164890593	0.00132739046129	0.000807398648249	0.00805559068694	0.00758843089573	-0.00475150413438	0.00173127314957	-0.00254487905606	-0.00132255577907	-0.0027454625454	-0.00365390010172	-0.0107331474931	-0.00664645400661	-0.00187349800115	0.0029235469248	0.00162071362986	-0.00594506408131	0.0039546874286	-0.00246509143236	0.00172179338457	0.00277799251407	0.002452818944	0.000344060941934	0.00101816078217	5.61903084326e-05	-0.0	0.0	0.0	0.0	0.0	0.0	0.0	0.0	0.0	0.0	0.0	0.0	0.0	0.0	0.0	0.0	0.0	0.0	0.0	0.0	0.0	0.0	0.0	0.0	0.0	0.0
Feb8-41	-0.0352600256686	-0.00241422650094	0.00415263512182	0.00202651268192	0.000698391433431	0.00313029315003	-0.000708550275042	0.000700315023766	-0.00265153656285	0.00259216291687	-0.00786222096607	0.0153105665205	-0.00182503875437	0.00386561709109	0.00202103699189	0.000643482415312	-0.00185637687712	0.00444917129391	0.00256536530977	0.00838390533671	-0.000502684571237	-0.0050209183675	-0.00734587932761	-0.00048173990602	0.00455480991666	0.00210269995397	0.00491963759938	0.003470962598	-0.000247116257509	0.000932044342815	-0.00313495365205	-0.00677957586655	-0.00940331442465	-0.00463689066385	-0.000180580271094	-0.00213225019124	0.00328185043679	0.000202151714025	-0.00445888153887	0.00122412146475	0.000841605330257	0.000325071669508	-0.0	0.0	0.0	0.0	0.0	0.0	0.0	0.0	0.0	0.0	0.0	0.0	0.0	0.0	0.0	0.0	0.0	0.0	0.0	0.0	0.0	0.0	0.0	0.0	0.0	0.0
Feb9-4-28	0.0838036112792	0.0222164981153	0.00728322343114	0.00764542424937	0.000641311228245	-0.00202363982565	0.0110413051974	0.00940013510325	0.0033872733318	0.0112036870609	-0.0186520493249	-0.00890438167614	0.00427234789321	-0.0161215130634	-0.00347790427758	0.000876656731692	0.00381078120128	0.00134974049456	0.00425090613416	0.00313829472672	0.00176890154196	-0.00699962001174	0.000194131274307	0.00338321737854	-0.000530965917924	-0.00212852308225	-0.0104476987443	-0.00368431594352	-0.00266533226144	0.0033578090005	-0.00199357317244	-0.000618614543883	-0.00297534195245	0.000868260195106	-0.00417970792062	-0.00387517155999	-0.00173662486075	0.000514354962695	0.000155019944847	0.000126031974682	-0.000974712890802	-0.00016630301947	-0.0	0.0	0.0	0.0	0.0	0.0	0.0	0.0	0.0	0.0	0.0	0.0	0.0	0.0	0.0	0.0	0.0	0.0	0.0	0.0	0.0	0.0	0.0	0.0	0.0	0.0
Feb8-27	-0.0429630547839	-0.00966413303978	-0.0248435307154	0.00258022548536	-0.0134400060873	-0.00475363371792	-0.0166523671368	0.00061185424682	0.00792152840269	-0.00152501281074	-0.00912544827304	0.00123838380642	-0.000298785176101	-0.00211064899902	0.00341639661806	-0.00920561306472	-0.00170281953309	0.00559384082627	0.00166206811516	-0.00184203331804	0.00597770335302	-0.000802136877764	0.00716617110056	-0.00595874922387	0.00211538522563	-0.00547425112566	-0.00297243657606	0.00793861764474	-0.00982974006011	0.00548236148548	0.00101997030649	-0.00216604359357	0.00339253155427	0.003843947275	0.00171330105857	-0.00251200037522	-0.00108977150426	0.00213624750452	-0.000935345331395	0.00299888036871	-0.000220959537669	0.000902857135159	-0.0	0.0	0.0	0.0	0.0	0.0	0.0	0.0	0.0	0.0	0.0	0.0	0.0	0.0	0.0	0.0	0.0	0.0	0.0	0.0	0.0	0.0	0.0	0.0	0.0	0.0
Feb8-49	-0.0119924620503	-0.00823895980902	-0.0167240166252	0.0111171662768	0.00512060488732	0.0145431606863	-0.00840108624694	-0.00594448421299	0.0046184765941	-0.00295136690632	-0.00258201580662	0.00058508212607	-0.00520921700632	-0.00141195143913	-0.00909794418545	0.00034098807368	-0.00258744720138	-0.00188219622367	0.00362078620172	-0.00143847976698	0.0116830328922	-0.00423215477654	0.0019742953047	0.00614802662184	-0.00589623526756	-0.00319278323558	0.00197632044692	-0.00495106758264	0.00594949981501	-0.00425589170995	-0.0026899036487	0.00468761848132	0.00115109885119	0.00400029599647	0.0023300839061	3.52352080929e-05	-0.000970190348656	0.000561623413886	-0.00216891635146	-0.000430629180168	0.00126591254408	-0.00132411002852	-0.0	0.0	0.0	0.0	0.0	0.0	0.0	0.0	0.0	0.0	0.0	0.0	0.0	0.0	0.0	0.0	0.0	0.0	0.0	0.0	0.0	0.0	0.0	0.0	0.0	0.0
Feb8-15	-0.0725672220891	-0.0104527908693	0.00637805610808	0.00962332154667	0.000797789134432	-0.0120698615696	0.0133751501941	-0.0138449380465	-0.000273190445221	0.0122725340857	0.0141353017977	0.00297353283341	0.00638964241294	0.00158986268429	-0.00958530340579	0.00301157188894	0.000912546600257	-0.00635330282652	0.00811218321126	-0.00801615461069	0.00786290056557	-0.00853311347203	-0.000942680125679	0.00468317698221	-0.00192222557764	0.00368705064168	-0.0010123924044	-0.000646489745403	-0.00354066952368	-0.000222205463523	0.00199118926546	0.00213354306876	-0.000727632499207	-0.000210653816982	-0.00160273776256	-0.00105755511404	-0.00368618275922	-0.00442841219013	-1.32022872093e-05	0.000323124645299	0.00176008607188	0.00122486676699	-0.0	0.0	0.0	0.0	0.0	0.0	0.0	0.0	0.0	0.0	0.0	0.0	0.0	0.0	0.0	0.0	0.0	0.0	0.0	0.0	0.0	0.0	0.0	0.0	0.0	0.0
Feb8-45	-0.0482551842128	-0.0124089690123	0.0154047603467	0.0187764655737	0.00312668054879	-0.00331321906108	0.0176732409063	-0.00024738844248	9.28367168344e-05	-0.0102522178471	-0.008672655059	-0.011031372078	-0.00729220948537	-0.00733724930252	0.0102603167752	-0.00145492374361	-0.0026398215405	0.00491788071262	-0.00128629258045	0.00665446525498	0.00951785276348	0.000875949118066	0.0116474458471	0.00499698021654	0.00176941810104	-0.00142224965721	0.00231017257782	-0.00107377825612	0.00336800632644	0.0004596763499	0.00385663707635	-0.00235038270714	-0.00144094646991	-0.00418752599715	0.000710926717345	0.000254532669266	0.00263252845101	0.000568708421806	0.00246909768905	-0.000925250585832	0.00123645477184	0.000609358495115	-0.0	0.0	0.0	0.0	0.0	0.0	0.0	0.0	0.0	0.0	0.0	0.0	0.0	0.0	0.0	0.0	0.0	0.0	0.0	0.0	0.0	0.0	0.0	0.0	0.0	0.0
Feb8-39	-0.0175917754423	-0.011370045438	-0.01164365448	0.00790153576183	0.0268030718771	0.00482964026751	-0.00168261185135	-0.0128984601809	0.0130470255389	0.00202111956795	-0.0122057049774	0.0051386067991	0.00245109676183	-0.00352667287205	-0.0126915526979	0.00355830699049	0.00487384220147	-0.00302413059968	-0.00283443220328	0.00200663727027	-0.00236170044237	-0.00435593028048	0.00272609134746	0.00406210135798	0.0018251141712	0.00802066736135	-0.000372165493524	0.00316254257583	-0.00276811344231	-0.00394340801899	0.00126846225599	-0.0036135800616	0.00255544831858	-0.00223512071776	0.000254082934851	0.00243168011798	-0.00182062267947	0.00347724105111	-9.76293247027e-05	0.00287184904578	0.000981402563472	0.000583112228373	-0.0	0.0	0.0	0.0	0.0	0.0	0.0	0.0	0.0	0.0	0.0	0.0	0.0	0.0	0.0	0.0	0.0	0.0	0.0	0.0	0.0	0.0	0.0	0.0	0.0	0.0
Feb9-4-24	0.0263002408575	-0.0304423899262	0.028517829735	-0.022762710401	0.00682827288275	0.00821766967805	-0.00990373383023	-0.00695224726512	0.00712683158988	-0.00386231562562	0.00129783908404	-0.00369644031693	0.00783854424309	0.00710406665308	-0.00201720998478	0.0183362621971	-0.0108882744407	0.000338552592888	-0.0107156869443	0.000183267368196	0.00672438530985	0.000524191353991	-0.0079453414814	-0.000216589613792	0.00594562086151	-0.00774707776827	-0.00234036094609	0.00270728235946	0.000578359985078	0.00504053145077	-0.000139010099501	0.00283699435744	0.00019207718151	0.000398289514119	0.000148621883262	-6.59187821113e-05	0.000577315280731	-0.00239875674089	-0.00154608080283	0.000979134191772	0.00105917438088	-0.000448268269353	-0.0	0.0	0.0	0.0	0.0	0.0	0.0	0.0	0.0	0.0	0.0	0.0	0.0	0.0	0.0	0.0	0.0	0.0	0.0	0.0	0.0	0.0	0.0	0.0	0.0	0.0
Feb8-61	-0.0632640681947	0.0147391075166	-0.0043676571959	0.0143355673898	0.000368197406891	0.00246200629558	0.00166880210333	0.0190992581825	0.0149477237379	0.0106088386708	0.00814332617789	-0.00494702676586	0.00493443054448	-0.00226036668113	-0.00567803318429	0.00079449721429	-0.00923133564433	-0.00475536782563	0.00607407109638	0.00483428243579	0.00180476128282	0.0117118377499	0.00429023868634	-0.00181002940188	0.00428791769313	0.00122834903947	0.00253359790482	-0.00494179730142	0.000751836273689	0.000672615677615	0.00174816241585	-0.000904885189892	0.000645832031959	0.00195156238059	0.00300951751728	0.00393419641532	0.00279862465107	0.00134326819919	-0.00210390317159	0.000767359726689	0.000748509015361	0.000659053164527	-0.0	0.0	0.0	0.0	0.0	0.0	0.0	0.0	0.0	0.0	0.0	0.0	0.0	0.0	0.0	0.0	0.0	0.0	0.0	0.0	0.0	0.0	0.0	0.0	0.0	0.0
Feb8-47	-0.056182389342	-0.0112553325506	0.00846292978354	0.0103534701125	0.0020003019917	-0.00347353789677	0.0171921389147	-0.00250335497052	0.00509308176105	-0.00316992775059	0.00291323328916	0.0112330309874	-0.000404353659451	-0.00968373445359	0.00398581990661	0.00977400074527	0.00208752869152	-0.000823818267081	-0.00212374267187	0.00540319050051	0.00185029539464	-0.0029819789202	0.00292306721502	0.000108097019442	-0.00554941868342	0.00176999959675	7.47440206889e-05	-0.00352123924337	0.00448934368702	0.0052359364503	-0.00547692929062	0.000687050884859	-0.000688179724442	0.00356744596088	0.00509374083359	-0.00177114515863	-0.000201570222272	0.00331980761483	-0.00104236621438	0.000672208582543	-0.00278860566758	0.000360181704578	-0.0	0.0	0.0	0.0	0.0	0.0	0.0	0.0	0.0	0.0	0.0	0.0	0.0	0.0	0.0	0.0	0.0	0.0	0.0	0.0	0.0	0.0	0.0	0.0	0.0	0.0
Feb8-37	-0.0339224363956	-0.0114695259614	-0.0039910484966	0.00351142977649	-0.0064460965272	-0.00169064976596	0.0019717216376	-0.00537888861221	0.00451318583598	-0.00489528444604	-0.00733989531577	0.0131161301817	0.0019519547761	0.00229578030818	0.0118841883899	-0.00108954400801	0.00377353631744	0.0122868328879	-0.000390448828627	0.00306850139124	-0.00319489705223	0.00551508764361	0.00169275416408	0.00765470393681	-0.000914216489081	0.000690964787233	0.00504944738044	0.00140259032375	-0.00255311846507	0.00489130767808	-0.00131365624957	0.00612851894294	0.00113455588395	0.00187736270895	0.000241818608288	0.0060156451873	-0.00306789126541	-0.00417765022594	0.00227367078832	0.00251062920866	-0.000724429258848	-0.000557159386321	-0.0	0.0	0.0	0.0	0.0	0.0	0.0	0.0	0.0	0.0	0.0	0.0	0.0	0.0	0.0	0.0	0.0	0.0	0.0	0.0	0.0	0.0	0.0	0.0	0.0	0.0
Feb9-4-a	0.0488468495015	-0.00318504940836	-0.0216705987148	-0.012900823675	0.0121281204904	-0.0134279381952	0.0155022743729	0.0042915589043	-0.015605956143	0.0139320470846	-0.00901060106509	-0.00772401576252	-0.0096610500498	-0.00996507921913	0.0026416562864	0.00292742718997	-0.00288417242734	8.86162899763e-05	-0.00917085429699	0.00155475020979	0.0138943509038	0.00182549247387	0.00255215233949	0.00481759715663	0.00707824150474	-0.00264645766916	0.000463292334505	0.00448954695399	-0.000491181894475	-0.00084373564237	-0.00432364243882	-0.000295246377431	-0.00315776559813	7.32016573831e-05	-0.00249857133074	0.000959663827871	-0.000328720777984	-0.00157483883511	0.00197467860712	0.000175719138483	0.000598000767739	-0.000441011539949	-0.0	0.0	0.0	0.0	0.0	0.0	0.0	0.0	0.0	0.0	0.0	0.0	0.0	0.0	0.0	0.0	0.0	0.0	0.0	0.0	0.0	0.0	0.0	0.0	0.0	0.0
Feb7-3	-0.0652449004399	0.0243047536911	-0.00758158680736	-0.00550242178287	0.00182808986976	0.0148739610624	0.013129692292	0.0183420751355	0.00332817643666	-0.00150550732479	0.00656745023698	-0.00662728256173	0.00349010370679	0.00682556150654	-0.0045090004104	0.00648034407149	-0.000241159745316	0.00835172495762	-0.0067936571634	0.00464400199958	0.0034641131095	0.0014457418362	-0.00681227675235	-0.00767288204412	-0.00146223835239	0.0045653624437	0.00209971879001	-0.00101488000102	0.00312023331968	0.00175767983272	-0.00175779698272	0.00524127886674	0.00229438921001	0.000812105712827	-0.00234713213828	-0.00120552346079	0.00228844871609	0.00163072074623	0.00178789352862	0.00218075962134	-0.000316865677855	0.000126864416774	-0.0	0.0	0.0	0.0	0.0	0.0	0.0	0.0	0.0	0.0	0.0	0.0	0.0	0.0	0.0	0.0	0.0	0.0	0.0	0.0	0.0	0.0	0.0	0.0	0.0	0.0
Feb8-9	-0.0822679709412	-0.0229069168651	-0.0171885687121	-0.0252263809077	-0.0174910822464	-0.0111392340108	0.00372964344665	0.00387849660861	-0.0206975554326	0.00284005420525	-0.00492540110947	-0.0151774431317	-0.00637378802362	0.00140618146349	0.00220277667479	0.00548953063972	-0.0065584249987	-0.00394986943284	-0.000656746391651	-0.00305033614991	-0.0049701880956	0.000399278934489	0.000501799392371	0.00629356777585	0.00186554995767	0.0109822082355	0.000619908466222	-0.00321749848413	0.000447422334915	0.00173009668433	0.00107059072056	0.00183532903493	0.0026754237297	-0.00223046311041	0.00195115753651	-0.00328768435407	0.00202243026944	-0.00150325919214	-0.00175883854362	0.000598419637618	-0.00206681227009	0.00063924985572	-0.0	0.0	0.0	0.0	0.0	0.0	0.0	0.0	0.0	0.0	0.0	0.0	0.0	0.0	0.0	0.0	0.0	0.0	0.0	0.0	0.0	0.0	0.0	0.0	0.0	0.0
Feb8-23	-0.0676102888944	-0.019129346972	-0.0046284706081	0.00373566978172	-0.0252011148918	-0.0123414163623	3.99259511973e-05	-0.000939622984046	-0.000565954208083	-0.00459877221252	0.0097592639907	0.000249128690051	-0.00448380819946	-0.00237129679071	0.00393113261688	0.00239748250319	-0.00689709526254	-0.00605818809993	-0.00796887947653	0.00461619092144	0.00417650813835	0.00243386354373	0.000357164072371	-0.00168336314978	-0.00847863194201	-0.0023312821927	-0.00318272660654	0.00630484832882	0.00209857936234	-0.00519878060104	-0.00145096490994	0.000405846369933	0.000630780553035	0.00108184550451	-0.00440292853567	0.0044132427553	0.000524779452825	0.000685118982973	0.00132188260757	-0.00200861839941	-0.00211047580921	0.0013008978384	-0.0	0.0	0.0	0.0	0.0	0.0	0.0	0.0	0.0	0.0	0.0	0.0	0.0	0.0	0.0	0.0	0.0	0.0	0.0	0.0	0.0	0.0	0.0	0.0	0.0	0.0
Feb7-1	-0.0819833317595	0.0298124495341	0.0165280114673	-0.00431883700271	-0.0146722859674	0.00140681652703	-0.00699511323223	0.0120389114972	-0.0215152160299	-0.00705298047827	0.0152220333388	0.00551073877768	-0.00103167244845	0.0121009308297	-0.00975748950211	0.00749707653021	-0.000151813082013	0.00393805780251	-0.00305275130713	-0.0101103546786	0.00169761484713	-0.00260477058986	0.00915640734802	0.00330026455366	0.00433416918438	0.000213838827798	0.0038514329963	0.00300398681779	-0.00139035594248	-0.00243765259921	-0.00382201145907	-0.00568829061224	0.000985185918825	0.0019582139663	0.00311273852913	-0.00173753562091	-0.00206132270796	-0.000668023230158	0.00172075862655	-0.000683461250161	-0.000475754045252	-0.000510675802645	-0.0	0.0	0.0	0.0	0.0	0.0	0.0	0.0	0.0	0.0	0.0	0.0	0.0	0.0	0.0	0.0	0.0	0.0	0.0	0.0	0.0	0.0	0.0	0.0	0.0	0.0
Feb9-6-b	0.0213053074309	0.008171514756	-0.00296211618483	0.00605982093248	0.0189200750998	0.0074784292819	0.0028596373451	0.0107349654542	0.00340725103979	-0.0152039501976	-0.00198481684163	-0.00557661279889	-0.00875068248932	-0.00506699304738	-0.00513419896715	0.0043157736788	-0.0113391324013	-0.0135077272229	-0.00550884940276	-0.00617136986237	-0.00565157570499	0.00491887568664	0.000817348313761	-0.00384424659721	-0.00927509883053	-0.000516339639416	0.00341189304977	0.00361434474124	-0.0058323665692	-0.000332395474222	-0.00515007824545	0.00226812356258	-0.00311472027481	-0.000673137565737	-0.00442981585411	-0.00111106190521	0.000545022452732	0.000501100632459	-0.00120911152768	0.00214581321692	-0.000149595688302	-0.000237595167318	-0.0	0.0	0.0	0.0	0.0	0.0	0.0	0.0	0.0	0.0	0.0	0.0	0.0	0.0	0.0	0.0	0.0	0.0	0.0	0.0	0.0	0.0	0.0	0.0	0.0	0.0
Feb9-2-b	0.0780957890562	0.0172815917081	0.0520022470314	-0.0241053771117	0.018861099955	-0.00557014195604	-0.00124259923528	0.00141965170194	-0.0124805324312	0.00982717489199	0.00548523940524	0.00300189919434	0.0034127283294	-0.00416157675508	-0.0103952347857	-0.0120448271571	0.00744050456453	0.000233672063208	-0.00575187952333	0.00548116354403	-0.000660034133044	0.00114983334838	-0.00193010787121	0.0018438605012	-0.00291555954065	-0.00217724579814	0.00538827943809	-0.00101169805104	0.00143862976475	0.00135795232749	-0.00298899438637	-0.00357077587843	-0.000310854172577	0.00163424510698	0.00169658317977	0.000357860171322	-0.000759118086441	-0.0013170742517	-0.000816274514981	0.000189648279643	-5.27865010849e-05	5.64369052568e-05	-0.0	0.0	0.0	0.0	0.0	0.0	0.0	0.0	0.0	0.0	0.0	0.0	0.0	0.0	0.0	0.0	0.0	0.0	0.0	0.0	0.0	0.0	0.0	0.0	0.0	0.0
SG1-E-mid	-0.0365657670237	0.0158856698221	-0.0249253564606	0.00234929991471	0.00427978422509	0.0104835034368	-0.014021580456	0.0172705618536	0.0156265116457	0.0113661931304	-0.00358097656673	0.00293198258192	0.00282250442586	-0.000532531533455	0.00055835482086	0.00450046971954	0.00601518956872	-0.00588508120364	-0.00790775555493	-3.84674575052e-05	-0.00131282819482	-0.00399988080074	0.000200683378835	0.00153507302283	-0.00235567614164	0.00257067010752	-0.00327134710306	0.0043912911628	-0.00180505570006	-0.00402435971072	0.00136055187111	-0.00354183158708	0.00133763891748	-0.00184397356344	0.001778801249	0.000834593066407	-0.00152850171888	-0.0031916557824	-0.000332312184737	0.00039283623957	-0.0042892168552	-0.00103507575497	-0.0	0.0	0.0	0.0	0.0	0.0	0.0	0.0	0.0	0.0	0.0	0.0	0.0	0.0	0.0	0.0	0.0	0.0	0.0	0.0	0.0	0.0	0.0	0.0	0.0	0.0
Feb8-51	-0.0731789272584	0.00241107664057	0.00952877233425	0.0240969092437	-0.0244037358794	-0.0121949959131	-0.0155005137499	0.00443462017167	-0.00163663401066	0.00544439075309	0.0151033065786	0.00483811595949	-0.00505977228435	-0.00645357120355	0.000583916309052	0.00269413068807	-0.00866721037764	0.00205797634099	0.00684730018541	0.00675841554248	-0.0041590611863	-0.00480658665867	0.000479464446353	0.00547698822023	-0.00511473419761	-0.00330329724118	-0.00352750554894	0.00094528593934	-0.00274639551954	0.000381248229659	0.00485874380409	0.00129731409671	-0.00259672966597	-0.00285056423697	-0.0013153744275	-0.000294993677144	-0.00142305346983	0.00114726476855	-0.000362674193823	-0.000994739040998	0.00114814739061	-0.000796718989886	-0.0	0.0	0.0	0.0	0.0	0.0	0.0	0.0	0.0	0.0	0.0	0.0	0.0	0.0	0.0	0.0	0.0	0.0	0.0	0.0	0.0	0.0	0.0	0.0	0.0	0.0
Feb8-43	-0.0435919929481	0.00905407237263	0.00721520868125	0.029976734422	0.00369854930898	0.00785353546448	-0.00576848071343	0.00739023953515	-0.00219738781506	0.000712403458168	-0.00978081889619	0.00478316329092	-0.00404228195371	-0.00944707884399	-0.00297905025454	-0.00593233158306	-0.00774263166584	-0.00326371743938	0.00865810654235	0.00641230662052	-0.00643035044519	0.00641243605488	-0.00580695092161	0.00124017530036	0.00412686021489	0.00128982321888	0.000316466181896	-0.000971999141097	0.00394330173377	-0.00157670113897	-0.00390649563068	0.000478072253565	0.00527758266714	1.9490957096e-05	-0.00370572487052	-0.0035795404941	-0.0016951465466	-0.00100423742922	0.00336511507978	0.000835068470583	0.000423581397937	-0.000475564271773	-0.0	0.0	0.0	0.0	0.0	0.0	0.0	0.0	0.0	0.0	0.0	0.0	0.0	0.0	0.0	0.0	0.0	0.0	0.0	0.0	0.0	0.0	0.0	0.0	0.0	0.0
Feb9-4-22	0.0317037745221	-0.0386338553675	0.00656447581337	-0.0184329546618	0.0189220948903	-0.00428067387732	-0.0116760212667	-0.0074427213062	-0.00947171407586	-0.00411617426474	0.0103051178887	-0.0148010955494	-0.00646654705692	0.00301012802339	0.00619632277888	-0.0016663496371	-0.00673017690921	0.00495542739271	0.00487160781618	0.0130949535719	-0.0089949319915	-0.00453542378434	0.00427266564691	-0.00392598323939	-0.00296174253749	0.00394415957713	0.00191981325485	-0.000978982622094	0.000541926480972	-0.000794180847952	-0.00103878134012	5.29860847427e-05	0.00102761587366	-0.00049098862548	8.26448124935e-05	0.00050534121327	-0.00361678379931	-0.00250052743688	-0.00128068035178	0.000881533741129	-0.000810101100893	0.000572916698146	-0.0	0.0	0.0	0.0	0.0	0.0	0.0	0.0	0.0	0.0	0.0	0.0	0.0	0.0	0.0	0.0	0.0	0.0	0.0	0.0	0.0	0.0	0.0	0.0	0.0	0.0
Feb8-35	-0.0440549539771	-0.00789052771114	0.019933311946	0.0294465286767	0.0112712420683	-0.00120323511111	0.00706801289552	0.00705300751423	-0.00359577859947	-0.0143024855832	-0.00930831959125	-0.00095889874746	-0.00344161928581	-0.0102356931335	0.0107784293086	-0.00340575718732	0.000919847749039	-0.00402080311092	-0.00490322793525	-0.00100689094698	-0.00597968475798	-0.00359749449655	-0.0040645039103	-0.00528032402296	0.000277794118297	0.00232437760677	0.00311909494601	0.00377299269826	-0.00480868894979	-0.00364958543105	0.00162418060561	-0.000135450690078	-7.3151985624e-05	0.00349488371554	0.00231754310609	-0.000330713782212	0.00248583521844	-0.00558358513574	-0.00120869172076	-0.00222226429043	0.00149379888791	-0.000393073688704	-0.0	0.0	0.0	0.0	0.0	0.0	0.0	0.0	0.0	0.0	0.0	0.0	0.0	0.0	0.0	0.0	0.0	0.0	0.0	0.0	0.0	0.0	0.0	0.0	0.0	0.0
Feb10-r2-a	-0.0660803224821	-0.017997719595	-0.0101182894406	-0.0139114280652	-0.00486137141342	-0.00437356732626	0.00824649714719	-0.00310530185436	-0.0156160660177	0.0122735252713	-0.00863919379155	-0.00367692661816	-0.00316883043297	-0.000806655328837	-0.00163115537754	-0.00326265800571	-0.00317027147805	-0.00481519303458	-0.00378279274062	0.00589457418042	-0.00587365748324	-0.00295827515482	-0.000519736460477	-0.00859328012183	0.000879277113729	-0.00138432336593	-0.0019852240396	-0.00192111275593	0.00300828155996	-0.00194598104109	0.00475196016486	-0.00340401709543	-0.00396858403084	0.00292217876838	0.002555841264	0.00429170471443	-0.00268109936757	0.00082057398855	0.00251958260805	0.00384483736426	0.00163430091016	-0.000563021256777	-0.0	0.0	0.0	0.0	0.0	0.0	0.0	0.0	0.0	0.0	0.0	0.0	0.0	0.0	0.0	0.0	0.0	0.0	0.0	0.0	0.0	0.0	0.0	0.0	0.0	0.0
Feb8-19	-0.0401345900763	-0.0062346964593	-0.00895236925293	0.00767345201823	0.0004178152963	0.0161279304963	-0.00366152003273	-0.0050907683358	-0.00376102152694	0.0169516014558	0.00145347857829	0.0059830882324	-0.00330367092596	-0.00423343074938	-0.00401958857825	-0.0082790341198	-0.000219358390778	-0.00118950624377	-0.00277441739116	-0.000749947381573	-0.00164357307683	0.0035113254572	0.000982842608104	-0.00734260146495	-0.00412630929655	-0.00995356873157	0.00411277261657	0.00193264559076	-0.000606560486457	0.00576009020927	7.62975404444e-05	0.00560419513676	-0.00393023285474	-0.00240385113001	0.00305317396692	-0.00300378156494	-0.00220836132175	-0.00167462258851	0.000310666076902	-0.00288125376013	-0.000123476980603	0.000769759874101	-0.0	0.0	0.0	0.0	0.0	0.0	0.0	0.0	0.0	0.0	0.0	0.0	0.0	0.0	0.0	0.0	0.0	0.0	0.0	0.0	0.0	0.0	0.0	0.0	0.0	0.0
Feb10-r1-a	0.0277528709116	0.00306058764071	-0.0351969196394	0.00467431659624	0.0177721289985	0.00175535575875	0.00280906344869	-0.0160577319039	-0.0106445950683	-0.0106229626538	0.0169117866221	-0.00567097722364	0.00528748897521	-0.00967783473049	-0.00195413276203	-0.00858391369079	0.00611303018222	0.00953733567623	-0.000617633995853	-0.000500070818908	-0.00340391913226	0.00494190622488	-0.00464462748756	0.00560687492701	0.000276416878647	0.00498564602868	-0.00479413282167	0.00866046326345	0.00166486198562	0.00210795800246	-0.00109453088572	0.00197789610796	0.00172238004335	0.00301014015239	0.000321342651685	-0.0023948615863	0.000527528167127	0.00174343938904	-0.00163115790641	-0.000174463251334	0.00022902012518	0.000216213525343	-0.0	0.0	0.0	0.0	0.0	0.0	0.0	0.0	0.0	0.0	0.0	0.0	0.0	0.0	0.0	0.0	0.0	0.0	0.0	0.0	0.0	0.0	0.0	0.0	0.0	0.0
Feb8-32	-0.045121269024	-0.0301636630544	0.0205075939786	0.036906352265	-0.00351422057522	-0.00103048437396	-0.00607429519393	-0.00453256700981	-0.00389534918551	-0.00128350989277	-0.00651726110388	-0.0184790486615	0.00563773752954	-0.000360616574351	0.00266832131624	0.00412176071376	0.000556856256867	0.00175459074593	0.00171094968432	-0.0124625222781	-0.00251183980218	0.00186088731473	-0.0087328393691	0.0022133391127	-0.00382066466777	-0.00502717480203	-0.0011894945634	-0.00033357571245	0.00225535218271	0.00325838201982	-0.00010502793177	-0.00583367184	0.00122994351403	-6.78185649515e-05	0.00330494875126	-0.00182715279928	-0.00116207225631	0.00147308066272	0.0009160395336	0.000253568767831	-0.00167539908591	-0.00018431355374	-0.0	0.0	0.0	0.0	0.0	0.0	0.0	0.0	0.0	0.0	0.0	0.0	0.0	0.0	0.0	0.0	0.0	0.0	0.0	0.0	0.0	0.0	0.0	0.0	0.0	0.0
Feb9-4-6	0.217314587878	-0.078528541294	-0.0235933372164	-0.00534413443488	-0.0493703477049	0.026037563276	0.0295176482966	0.0175824159567	0.00897090424074	-0.00192393036328	0.00696548943265	0.00434622191019	-0.00949467798385	0.00640989667602	-0.00414793447173	-0.00636183540656	0.00125272566071	0.00154744645033	-0.000443278375133	-0.000785742841333	-0.00326072917164	-0.00313141268475	0.000172902732498	0.00316544920743	-0.00102164239267	-0.00453283710468	0.000836939301932	-0.00108426170566	-0.000172960816411	-0.000635211893921	0.00061271001495	-0.00140328088298	-0.000294042951865	0.00062178642432	0.000474594893628	-0.000517163558878	-0.000270085083952	0.000544283067319	-0.000450332450872	0.000572842217356	-0.000172996172505	1.36647343131e-05	-0.0	0.0	0.0	0.0	0.0	0.0	0.0	0.0	0.0	0.0	0.0	0.0	0.0	0.0	0.0	0.0	0.0	0.0	0.0	0.0	0.0	0.0	0.0	0.0	0.0	0.0
Feb7-12	-0.00887901655655	-0.0398140577517	0.0267516807758	-0.0056305999483	0.0195201290321	0.0264677440087	-0.0147234538754	0.00674320171023	-0.0173563357491	-0.00583459725405	-1.33827727223e-05	0.00329096958199	0.00404689612089	0.00209673098029	-0.00429722107126	0.000278009542997	0.0132577832573	-0.00796733464621	0.00683828871443	0.00356596099297	0.00397453175258	-0.00505176126185	0.00810423575588	-0.00385798216431	-0.000586076499459	0.000587533903768	0.000791393292761	-0.000531850346911	-0.00106973627691	-0.00080950206362	-0.0011569773942	0.004753502577	0.000545040397153	-0.000379522440292	-0.000287294601808	0.00103425046577	0.0016175891392	0.00146087336812	2.68856477984e-05	-0.000547555315752	-0.000841383465652	0.000336710325767	-0.0	0.0	0.0	0.0	0.0	0.0	0.0	0.0	0.0	0.0	0.0	0.0	0.0	0.0	0.0	0.0	0.0	0.0	0.0	0.0	0.0	0.0	0.0	0.0	0.0	0.0

Biplot	0	0

Site constraints	0	0
