# Constructed from biom file
#OTU ID	Feb9-4-8	Feb10-r3-a	Feb9-5-b	Feb7-15	Feb9-3-a	Feb9-5-a	Feb10-r4-a	Feb9-3-b	Feb9-4-20	Feb8-55	Feb9-2-a	Feb9-4-4	Feb8-65	Feb9-4-b	Feb9-7-b	Feb8-12	Feb9-6-a	Feb7-9	Feb10-r5-a	Feb10-r6-a	Feb9-4-17	Feb8-33	Feb8-5	Feb8-2	Feb9-4-11	Feb9-8-a	Feb7-6	Feb9-4-30-a	Feb9-4-14	Feb9-1-b	Feb9-4-26	Feb9-8-b	Feb9-1-a	Feb8-53	Feb10-r7-a	Feb8-7	Feb9-4-2	Feb9-7-a	Feb7-20	Feb8-41	Feb9-4-28	Feb8-27	Feb8-49	Feb8-15	Feb8-45	Feb8-39	Feb9-4-24	Feb8-61	Feb8-47	Feb8-37	Feb9-4-a	Feb7-3	Feb8-9	Feb8-23	Feb7-1	Feb9-6-b	Feb9-2-b	SG1-E-mid	Feb8-51	Feb8-43	Feb9-4-22	Feb8-35	Feb10-r2-a	Feb8-19	Feb10-r1-a	Feb8-32	Feb9-4-6	Feb7-12	taxonomy
JN038033.1.1058___Halobacteria	6.0	1.0	0.0	0.0	0.0	1.0	2.0	0.0	1.0	0.0	1.0	0.0	1.0	0.0	3.0	1.0	0.0	5.0	0.0	1.0	13.0	1.0	0.0	0.0	31.0	0.0	5.0	0.0	3.0	0.0	25.0	1.0	0.0	12.0	1.0	1.0	20.0	4.0	5.0	2.0	2.0	2.0	2.0	1.0	4.0	5.0	3.0	2.0	1.0	1.0	0.0	0.0	0.0	0.0	0.0	0.0	0.0	0.0	0.0	0.0	0.0	0.0	0.0	0.0	0.0	0.0	0.0	0.0	D_0__Archaea; D_1__Euryarchaeota; D_2__Halobacteria; D_3__Halobacteriales; D_4__Halobacteriaceae; D_5__Halomicrobium
JN714448.1.1473___Halobacteria	55.0	2.0	10.0	0.0	13.0	13.0	2.0	16.0	13.0	4.0	18.0	2.0	0.0	15.0	486.0	0.0	79.0	0.0	1.0	2.0	53.0	1.0	1.0	0.0	32.0	6.0	0.0	109.0	28.0	23.0	42.0	16.0	43.0	1.0	1.0	0.0	7.0	103.0	0.0	4.0	45.0	1.0	1.0	1.0	1.0	2.0	13.0	0.0	2.0	1.0	7.0	0.0	1.0	0.0	0.0	133.0	162.0	1.0	4.0	0.0	23.0	3.0	2.0	3.0	0.0	1.0	40.0	0.0	D_0__Archaea; D_1__Euryarchaeota; D_2__Halobacteria; D_3__Halobacteriales; D_4__Halobacteriaceae; D_5__Halobacterium
GU951430.1.1473___Halobacteria	3.0	3.0	0.0	1.0	0.0	2.0	6.0	5.0	0.0	4.0	2.0	0.0	31.0	0.0	0.0	0.0	0.0	3.0	1.0	11.0	0.0	6.0	1.0	1.0	0.0	1.0	2.0	1.0	0.0	0.0	0.0	3.0	0.0	3.0	1.0	0.0	0.0	2.0	16.0	0.0	0.0	0.0	31.0	6.0	15.0	38.0	3.0	4.0	11.0	0.0	8.0	9.0	1.0	3.0	50.0	7.0	0.0	6.0	8.0	16.0	2.0	29.0	2.0	5.0	1.0	2.0	0.0	15.0	D_0__Archaea; D_1__Euryarchaeota; D_2__Halobacteria; D_3__Halobacteriales; D_4__Halobacteriaceae; D_5__Halorubellus
HG475319.1.907___Halobacteria	0.0	4.0	0.0	3.0	0.0	1.0	0.0	1.0	0.0	1.0	0.0	0.0	1.0	0.0	0.0	1.0	0.0	5.0	1.0	16.0	0.0	1.0	0.0	0.0	0.0	0.0	0.0	0.0	8.0	0.0	0.0	0.0	0.0	1.0	3.0	1.0	0.0	0.0	0.0	2.0	0.0	1.0	1.0	4.0	10.0	14.0	0.0	1.0	3.0	2.0	1.0	1.0	1.0	1.0	11.0	3.0	0.0	0.0	0.0	5.0	3.0	2.0	12.0	1.0	4.0	0.0	0.0	0.0	D_0__Archaea; D_1__Euryarchaeota; D_2__Halobacteria; D_3__Halobacteriales; D_4__Halobacteriaceae; D_5__Halorussus
HQ425161.1.1358___Halobacteria	0.0	9.0	0.0	1.0	0.0	8.0	1.0	1.0	0.0	4.0	1.0	0.0	4.0	18.0	3.0	2.0	1.0	2.0	3.0	4.0	17.0	2.0	0.0	0.0	0.0	0.0	9.0	0.0	12.0	0.0	7.0	3.0	1.0	8.0	1.0	2.0	3.0	0.0	0.0	0.0	0.0	1.0	0.0	2.0	0.0	1.0	0.0	0.0	0.0	3.0	0.0	13.0	0.0	1.0	2.0	0.0	0.0	3.0	1.0	0.0	0.0	1.0	0.0	0.0	0.0	1.0	0.0	0.0	D_0__Archaea; D_1__Euryarchaeota; D_2__Halobacteria; D_3__Halobacteriales; D_4__Halobacteriaceae; D_5__Halapricum; D_6__uncultured archaeon
AB533937.1.1485___Cytophagia	0.0	0.0	10.0	0.0	1.0	6.0	8.0	0.0	2.0	0.0	0.0	7.0	2.0	0.0	13.0	0.0	0.0	5.0	3.0	9.0	0.0	1.0	0.0	0.0	0.0	6.0	1.0	0.0	3.0	1.0	37.0	25.0	0.0	11.0	0.0	0.0	0.0	11.0	0.0	0.0	0.0	0.0	1.0	0.0	0.0	10.0	0.0	0.0	0.0	1.0	0.0	1.0	0.0	0.0	1.0	4.0	4.0	2.0	0.0	0.0	0.0	0.0	1.0	0.0	23.0	3.0	0.0	1.0	D_0__Bacteria; D_1__Bacteroidetes; D_2__Cytophagia; D_3__Order II; D_4__Rhodothermaceae; D_5__Salinibacter; D_6__uncultured bacterium
AB588757.1.1474___Halobacteria	136.0	299.0	34.0	9.0	33.0	75.0	265.0	107.0	33.0	341.0	19.0	37.0	17.0	39.0	175.0	43.0	60.0	141.0	40.0	158.0	72.0	178.0	34.0	71.0	119.0	78.0	65.0	434.0	32.0	91.0	166.0	247.0	46.0	87.0	8.0	68.0	16.0	227.0	208.0	151.0	102.0	119.0	86.0	175.0	77.0	268.0	122.0	60.0	139.0	188.0	151.0	58.0	78.0	115.0	25.0	11.0	58.0	42.0	90.0	12.0	140.0	52.0	175.0	124.0	31.0	76.0	41.0	78.0	D_0__Archaea; D_1__Euryarchaeota; D_2__Halobacteria; D_3__Halobacteriales; D_4__Halobacteriaceae; D_5__Halococcus
JX883112.1.1463___Cytophagia	7.0	5.0	18.0	0.0	12.0	13.0	3.0	49.0	4.0	6.0	19.0	10.0	3.0	17.0	4.0	4.0	14.0	3.0	4.0	11.0	22.0	2.0	0.0	1.0	18.0	2.0	2.0	23.0	24.0	4.0	20.0	8.0	28.0	7.0	5.0	0.0	25.0	9.0	2.0	14.0	27.0	3.0	9.0	4.0	10.0	7.0	19.0	7.0	14.0	3.0	22.0	2.0	0.0	3.0	4.0	16.0	10.0	8.0	10.0	5.0	12.0	5.0	5.0	10.0	9.0	3.0	10.0	1.0	D_0__Bacteria; D_1__Bacteroidetes; D_2__Cytophagia; D_3__Order II; D_4__Rhodothermaceae; D_5__Salinibacter; D_6__uncultured bacterium
EF690638.1.1440___Halobacteria	1.0	39.0	1.0	4.0	2.0	3.0	6.0	1.0	3.0	2.0	1.0	0.0	9.0	0.0	0.0	10.0	0.0	9.0	10.0	5.0	0.0	2.0	4.0	0.0	0.0	12.0	7.0	1.0	0.0	0.0	0.0	35.0	6.0	8.0	59.0	1.0	0.0	0.0	1.0	5.0	1.0	4.0	5.0	2.0	1.0	9.0	0.0	2.0	4.0	8.0	0.0	16.0	0.0	1.0	20.0	5.0	0.0	0.0	5.0	2.0	2.0	2.0	2.0	0.0	29.0	1.0	0.0	0.0	D_0__Archaea; D_1__Euryarchaeota; D_2__Halobacteria; D_3__Halobacteriales; D_4__Halobacteriaceae; D_5__Halovenus; D_6__uncultured haloarchaeon
JX882083.1.1474___Gammaproteobacteria	3.0	0.0	25.0	0.0	1.0	5.0	0.0	4.0	7.0	0.0	1.0	7.0	2.0	59.0	4.0	0.0	0.0	0.0	7.0	5.0	14.0	0.0	0.0	0.0	1.0	7.0	2.0	0.0	10.0	3.0	30.0	7.0	0.0	0.0	10.0	0.0	0.0	1.0	1.0	0.0	28.0	0.0	0.0	0.0	0.0	0.0	18.0	0.0	0.0	0.0	0.0	0.0	0.0	0.0	2.0	0.0	7.0	0.0	0.0	0.0	0.0	0.0	0.0	0.0	2.0	0.0	2.0	0.0	D_0__Bacteria; D_1__Proteobacteria; D_2__Gammaproteobacteria; D_3__Chromatiales; D_4__Ectothiorhodospiraceae; D_5__Arhodomonas; D_6__uncultured bacterium
EU869382.1.1429___Deltaproteobacteria	0.0	5.0	0.0	7.0	0.0	0.0	12.0	23.0	0.0	17.0	0.0	0.0	6.0	0.0	0.0	0.0	0.0	2.0	3.0	4.0	0.0	0.0	5.0	3.0	0.0	2.0	0.0	0.0	0.0	0.0	1.0	0.0	39.0	7.0	3.0	2.0	0.0	0.0	8.0	5.0	0.0	12.0	2.0	21.0	0.0	8.0	0.0	8.0	3.0	0.0	0.0	0.0	0.0	4.0	1.0	0.0	0.0	4.0	19.0	1.0	0.0	8.0	0.0	2.0	4.0	2.0	0.0	0.0	D_0__Bacteria; D_1__Proteobacteria; D_2__Deltaproteobacteria; D_3__Desulfuromonadales; D_4__GR-WP33-58; D_5__uncultured bacterium; D_6__uncultured bacterium
KJ534549.1.1470___Halobacteria	5.0	5.0	3.0	2.0	0.0	2.0	10.0	4.0	1.0	5.0	1.0	1.0	8.0	0.0	2.0	1.0	2.0	9.0	7.0	7.0	0.0	4.0	4.0	0.0	0.0	5.0	1.0	0.0	2.0	0.0	0.0	3.0	7.0	8.0	5.0	6.0	1.0	1.0	4.0	6.0	0.0	11.0	14.0	4.0	7.0	10.0	0.0	5.0	10.0	1.0	2.0	2.0	2.0	5.0	5.0	2.0	0.0	4.0	7.0	3.0	3.0	4.0	6.0	8.0	6.0	7.0	0.0	1.0	D_0__Archaea; D_1__Euryarchaeota; D_2__Halobacteria; D_3__Halobacteriales; D_4__Halobacteriaceae; D_5__Halovenus
KF234372.1.1441___Chloroplast	11.0	17.0	9.0	14.0	4.0	21.0	13.0	6.0	3.0	2.0	6.0	7.0	10.0	48.0	21.0	0.0	25.0	7.0	3.0	15.0	6.0	5.0	2.0	0.0	14.0	32.0	0.0	1.0	1.0	60.0	43.0	25.0	29.0	44.0	22.0	1.0	1.0	24.0	3.0	11.0	25.0	0.0	21.0	2.0	0.0	17.0	28.0	4.0	13.0	4.0	4.0	1.0	0.0	3.0	0.0	17.0	68.0	8.0	5.0	4.0	11.0	15.0	0.0	4.0	24.0	12.0	18.0	15.0	D_0__Bacteria; D_1__Cyanobacteria; D_2__Chloroplast
EU869390.1.1440___Cytophagia	0.0	0.0	3.0	5.0	4.0	2.0	1.0	3.0	6.0	0.0	2.0	2.0	0.0	40.0	0.0	0.0	0.0	9.0	5.0	2.0	2.0	0.0	3.0	0.0	1.0	6.0	11.0	0.0	0.0	22.0	6.0	5.0	2.0	14.0	73.0	0.0	0.0	2.0	10.0	1.0	0.0	1.0	1.0	1.0	0.0	0.0	7.0	5.0	2.0	2.0	0.0	16.0	0.0	0.0	5.0	1.0	27.0	2.0	2.0	5.0	0.0	0.0	0.0	2.0	0.0	2.0	2.0	0.0	D_0__Bacteria; D_1__Bacteroidetes; D_2__Cytophagia; D_3__Order II; D_4__Rhodothermaceae; D_5__Salinibacter; D_6__uncultured bacterium
HM127111.1.1468___Cytophagia	9.0	20.0	22.0	13.0	9.0	19.0	18.0	15.0	8.0	13.0	6.0	19.0	15.0	15.0	16.0	1.0	4.0	13.0	35.0	48.0	25.0	13.0	7.0	2.0	9.0	16.0	32.0	1.0	7.0	3.0	10.0	19.0	21.0	24.0	20.0	4.0	15.0	17.0	7.0	23.0	10.0	15.0	12.0	4.0	14.0	13.0	6.0	10.0	13.0	13.0	10.0	31.0	2.0	2.0	37.0	10.0	6.0	7.0	17.0	17.0	10.0	14.0	4.0	7.0	43.0	4.0	2.0	7.0	D_0__Bacteria; D_1__Bacteroidetes; D_2__Cytophagia; D_3__Order II; D_4__Rhodothermaceae; D_5__Salinibacter; D_6__uncultured bacterium
CU467120.1.1342___Halobacteria	0.0	0.0	6.0	0.0	12.0	3.0	0.0	1.0	2.0	0.0	1.0	15.0	0.0	10.0	2.0	0.0	5.0	0.0	2.0	0.0	64.0	0.0	0.0	0.0	9.0	0.0	2.0	1.0	16.0	1.0	9.0	0.0	0.0	0.0	6.0	0.0	5.0	0.0	0.0	0.0	7.0	0.0	0.0	0.0	0.0	0.0	0.0	0.0	0.0	0.0	0.0	0.0	0.0	0.0	2.0	0.0	10.0	0.0	0.0	1.0	0.0	0.0	0.0	0.0	0.0	0.0	0.0	0.0	D_0__Archaea; D_1__Euryarchaeota; D_2__Halobacteria; D_3__Halobacteriales; D_4__Halobacteriaceae; D_5__Halorubrum
HQ425149.1.1433___Halobacteria	5.0	23.0	10.0	11.0	3.0	1.0	8.0	19.0	18.0	13.0	24.0	13.0	12.0	4.0	7.0	16.0	1.0	32.0	38.0	26.0	4.0	12.0	15.0	0.0	4.0	20.0	31.0	3.0	2.0	9.0	2.0	24.0	11.0	14.0	15.0	3.0	44.0	3.0	11.0	17.0	2.0	27.0	7.0	1.0	20.0	13.0	9.0	8.0	5.0	6.0	10.0	13.0	7.0	5.0	6.0	9.0	6.0	6.0	12.0	9.0	2.0	7.0	1.0	6.0	17.0	4.0	0.0	5.0	D_0__Archaea; D_1__Euryarchaeota; D_2__Halobacteria; D_3__Halobacteriales; D_4__Halobacteriaceae; D_5__uncultured; D_6__uncultured archaeon
EF106659.1.938___Halobacteria	0.0	4.0	5.0	6.0	3.0	6.0	7.0	2.0	2.0	7.0	6.0	3.0	5.0	1.0	8.0	7.0	4.0	9.0	8.0	9.0	2.0	6.0	9.0	2.0	2.0	3.0	6.0	0.0	4.0	2.0	2.0	2.0	5.0	11.0	30.0	7.0	14.0	2.0	5.0	17.0	4.0	17.0	9.0	0.0	9.0	5.0	1.0	7.0	11.0	7.0	3.0	8.0	1.0	9.0	12.0	2.0	0.0	6.0	15.0	10.0	2.0	16.0	2.0	7.0	3.0	1.0	2.0	2.0	D_0__Archaea; D_1__Euryarchaeota; D_2__Halobacteria; D_3__Halobacteriales; D_4__Halobacteriaceae; D_5__Halapricum; D_6__uncultured haloarchaeon
AJ344311.1.918___Halobacteria	2.0	5.0	1.0	6.0	0.0	0.0	2.0	2.0	0.0	1.0	0.0	0.0	23.0	0.0	0.0	1.0	7.0	1.0	0.0	4.0	0.0	5.0	0.0	0.0	1.0	4.0	1.0	0.0	0.0	0.0	0.0	0.0	0.0	2.0	1.0	2.0	2.0	2.0	5.0	0.0	1.0	4.0	7.0	3.0	7.0	5.0	4.0	4.0	7.0	0.0	2.0	1.0	0.0	1.0	2.0	2.0	1.0	0.0	5.0	2.0	0.0	9.0	1.0	3.0	0.0	0.0	0.0	0.0	D_0__Archaea; D_1__Euryarchaeota; D_2__Halobacteria; D_3__Halobacteriales; D_4__Halobacteriaceae; D_5__uncultured
HQ400465.1.919___Halobacteria	7.0	17.0	27.0	2.0	15.0	27.0	7.0	20.0	16.0	6.0	2.0	9.0	6.0	7.0	13.0	1.0	13.0	26.0	3.0	6.0	43.0	7.0	0.0	1.0	26.0	4.0	3.0	32.0	29.0	7.0	14.0	3.0	36.0	7.0	6.0	0.0	5.0	3.0	4.0	22.0	33.0	18.0	9.0	7.0	12.0	48.0	21.0	8.0	35.0	6.0	31.0	8.0	6.0	8.0	1.0	18.0	21.0	17.0	5.0	13.0	19.0	4.0	6.0	8.0	10.0	2.0	20.0	1.0	D_0__Archaea; D_1__Euryarchaeota; D_2__Halobacteria; D_3__Halobacteriales; D_4__Halobacteriaceae; D_5__Natronomonas; D_6__uncultured archaeon
LN649952.1.1383___Halobacteria	3.0	1.0	6.0	0.0	6.0	5.0	1.0	23.0	15.0	0.0	1.0	9.0	1.0	5.0	4.0	1.0	13.0	1.0	1.0	11.0	33.0	2.0	0.0	0.0	22.0	4.0	0.0	9.0	7.0	8.0	7.0	2.0	9.0	0.0	3.0	0.0	14.0	14.0	2.0	3.0	40.0	1.0	0.0	2.0	2.0	0.0	4.0	7.0	3.0	0.0	1.0	6.0	1.0	0.0	13.0	12.0	5.0	2.0	1.0	2.0	3.0	2.0	1.0	0.0	2.0	0.0	5.0	0.0	D_0__Archaea; D_1__Euryarchaeota; D_2__Halobacteria; D_3__Halobacteriales; D_4__Halobacteriaceae; D_5__Halolamina
EF106039.1.1370___Cytophagia	0.0	0.0	4.0	0.0	0.0	60.0	0.0	1.0	0.0	0.0	0.0	11.0	1.0	57.0	0.0	0.0	0.0	0.0	0.0	0.0	2.0	0.0	0.0	0.0	0.0	0.0	0.0	0.0	2.0	1.0	0.0	0.0	8.0	33.0	0.0	0.0	19.0	0.0	0.0	0.0	3.0	0.0	3.0	0.0	0.0	0.0	0.0	2.0	2.0	1.0	0.0	0.0	0.0	0.0	0.0	0.0	0.0	0.0	0.0	1.0	0.0	0.0	0.0	0.0	0.0	0.0	0.0	0.0	D_0__Bacteria; D_1__Bacteroidetes; D_2__Cytophagia; D_3__Order II; D_4__Rhodothermaceae; D_5__Salinibacter; D_6__uncultured bacterium
EF106671.1.999___Halobacteria	0.0	16.0	0.0	6.0	0.0	3.0	19.0	2.0	0.0	2.0	7.0	1.0	2.0	0.0	1.0	10.0	0.0	11.0	8.0	5.0	0.0	4.0	2.0	1.0	0.0	7.0	21.0	0.0	0.0	0.0	0.0	6.0	1.0	3.0	6.0	10.0	16.0	9.0	8.0	6.0	0.0	6.0	7.0	4.0	3.0	1.0	0.0	1.0	2.0	3.0	0.0	10.0	4.0	0.0	5.0	2.0	0.0	2.0	2.0	4.0	1.0	2.0	5.0	2.0	8.0	6.0	0.0	1.0	D_0__Archaea; D_1__Euryarchaeota; D_2__Halobacteria; D_3__Halobacteriales; D_4__Halobacteriaceae
HQ400562.1.919___Halobacteria	8.0	7.0	0.0	0.0	0.0	0.0	3.0	0.0	1.0	41.0	1.0	1.0	0.0	0.0	3.0	1.0	0.0	1.0	2.0	5.0	0.0	0.0	1.0	5.0	0.0	9.0	0.0	15.0	0.0	20.0	5.0	9.0	2.0	4.0	1.0	3.0	1.0	18.0	16.0	6.0	5.0	10.0	0.0	3.0	1.0	0.0	9.0	0.0	6.0	12.0	4.0	0.0	1.0	7.0	0.0	1.0	5.0	0.0	4.0	0.0	2.0	0.0	7.0	1.0	0.0	0.0	8.0	1.0	D_0__Archaea; D_1__Euryarchaeota; D_2__Halobacteria; D_3__Halobacteriales; D_4__Halobacteriaceae; D_5__Halomarina; D_6__uncultured archaeon
HQ425162.1.1424___Halobacteria	1.0	4.0	2.0	1.0	4.0	4.0	6.0	1.0	0.0	3.0	1.0	5.0	6.0	26.0	8.0	0.0	0.0	0.0	4.0	1.0	17.0	1.0	4.0	0.0	0.0	0.0	5.0	0.0	31.0	0.0	9.0	5.0	4.0	4.0	1.0	6.0	3.0	2.0	4.0	1.0	1.0	4.0	2.0	3.0	2.0	0.0	0.0	0.0	0.0	1.0	0.0	27.0	0.0	1.0	0.0	2.0	0.0	0.0	2.0	2.0	0.0	0.0	0.0	0.0	1.0	1.0	0.0	0.0	D_0__Archaea; D_1__Euryarchaeota; D_2__Halobacteria; D_3__Halobacteriales; D_4__Halobacteriaceae; D_5__Halapricum; D_6__uncultured archaeon
KC465611.1.1352___Halobacteria	2.0	12.0	0.0	5.0	0.0	1.0	9.0	1.0	0.0	4.0	0.0	0.0	0.0	4.0	0.0	0.0	0.0	1.0	4.0	6.0	0.0	9.0	2.0	0.0	3.0	0.0	1.0	1.0	0.0	1.0	0.0	2.0	8.0	3.0	3.0	4.0	13.0	0.0	1.0	3.0	1.0	0.0	3.0	3.0	2.0	12.0	0.0	3.0	12.0	1.0	0.0	9.0	0.0	0.0	2.0	0.0	0.0	1.0	1.0	0.0	1.0	2.0	0.0	4.0	2.0	4.0	0.0	3.0	D_0__Archaea; D_1__Euryarchaeota; D_2__Halobacteria; D_3__Halobacteriales; D_4__Halobacteriaceae; D_5__Haloarcula; D_6__uncultured euryarchaeote
HM126955.1.1468___Gammaproteobacteria	1.0	0.0	6.0	0.0	9.0	9.0	0.0	6.0	10.0	0.0	12.0	14.0	0.0	18.0	1.0	0.0	1.0	0.0	0.0	0.0	21.0	0.0	0.0	0.0	0.0	4.0	3.0	0.0	45.0	0.0	4.0	1.0	1.0	0.0	0.0	0.0	0.0	8.0	0.0	0.0	12.0	0.0	0.0	0.0	0.0	0.0	0.0	0.0	0.0	0.0	2.0	0.0	0.0	0.0	0.0	0.0	5.0	0.0	0.0	0.0	0.0	0.0	0.0	0.0	2.0	0.0	8.0	0.0	D_0__Bacteria; D_1__Proteobacteria; D_2__Gammaproteobacteria; D_3__Chromatiales; D_4__Ectothiorhodospiraceae; D_5__uncultured; D_6__uncultured bacterium
EF105755.1.1364___Gammaproteobacteria	3.0	0.0	334.0	1.0	41.0	15.0	0.0	230.0	79.0	0.0	44.0	247.0	0.0	212.0	210.0	0.0	50.0	0.0	0.0	0.0	207.0	0.0	0.0	0.0	0.0	0.0	0.0	1.0	581.0	24.0	424.0	7.0	0.0	0.0	0.0	0.0	7.0	442.0	0.0	0.0	124.0	1.0	0.0	0.0	0.0	0.0	32.0	0.0	0.0	0.0	0.0	0.0	0.0	0.0	0.0	3.0	176.0	0.0	0.0	0.0	0.0	0.0	0.0	0.0	0.0	0.0	2.0	0.0	D_0__Bacteria; D_1__Proteobacteria; D_2__Gammaproteobacteria; D_3__Chromatiales; D_4__Ectothiorhodospiraceae; D_5__uncultured
EF106117.1.1342___Cytophagia	8.0	5.0	9.0	1.0	6.0	21.0	8.0	33.0	9.0	5.0	18.0	5.0	6.0	21.0	6.0	2.0	13.0	5.0	2.0	11.0	14.0	6.0	4.0	1.0	15.0	11.0	1.0	16.0	14.0	6.0	8.0	5.0	27.0	3.0	6.0	1.0	18.0	19.0	2.0	12.0	16.0	6.0	11.0	1.0	6.0	9.0	18.0	3.0	9.0	1.0	21.0	3.0	1.0	6.0	4.0	7.0	15.0	6.0	8.0	2.0	10.0	5.0	6.0	8.0	7.0	0.0	10.0	0.0	D_0__Bacteria; D_1__Bacteroidetes; D_2__Cytophagia; D_3__Order II; D_4__Rhodothermaceae; D_5__Salinibacter; D_6__uncultured bacterium
JX883459.1.1476___Cytophagia	0.0	3.0	1.0	18.0	7.0	12.0	38.0	3.0	1.0	4.0	0.0	0.0	15.0	1.0	0.0	1.0	0.0	10.0	4.0	15.0	0.0	19.0	11.0	19.0	0.0	1.0	1.0	0.0	1.0	4.0	1.0	16.0	16.0	256.0	17.0	32.0	0.0	3.0	2.0	4.0	54.0	68.0	54.0	2.0	6.0	27.0	0.0	17.0	8.0	9.0	52.0	10.0	1.0	44.0	18.0	6.0	0.0	63.0	15.0	29.0	2.0	17.0	3.0	21.0	5.0	14.0	0.0	1.0	D_0__Bacteria; D_1__Bacteroidetes; D_2__Cytophagia; D_3__Order II; D_4__Rhodothermaceae; D_5__Salinibacter; D_6__uncultured bacterium
KC465592.1.1351___Halobacteria	6.0	71.0	60.0	27.0	5.0	46.0	33.0	53.0	21.0	21.0	13.0	16.0	40.0	8.0	2.0	26.0	5.0	14.0	67.0	43.0	19.0	28.0	26.0	19.0	37.0	28.0	51.0	13.0	43.0	29.0	3.0	63.0	3.0	24.0	58.0	35.0	46.0	0.0	61.0	56.0	11.0	14.0	17.0	31.0	27.0	25.0	17.0	9.0	34.0	42.0	15.0	56.0	14.0	8.0	145.0	34.0	31.0	13.0	14.0	24.0	6.0	21.0	109.0	31.0	33.0	6.0	1.0	119.0	D_0__Archaea; D_1__Euryarchaeota; D_2__Halobacteria; D_3__Halobacteriales; D_4__Halobacteriaceae; D_5__Natronomonas
AB533910.1.1502___Cytophagia	15.0	30.0	22.0	12.0	20.0	33.0	20.0	65.0	15.0	24.0	35.0	16.0	19.0	34.0	19.0	9.0	13.0	22.0	25.0	55.0	39.0	17.0	17.0	4.0	18.0	22.0	21.0	32.0	36.0	7.0	37.0	17.0	47.0	41.0	44.0	5.0	22.0	30.0	18.0	42.0	25.0	25.0	23.0	20.0	21.0	16.0	13.0	9.0	20.0	15.0	16.0	23.0	5.0	11.0	21.0	23.0	12.0	16.0	34.0	16.0	20.0	22.0	14.0	20.0	44.0	9.0	7.0	6.0	D_0__Bacteria; D_1__Bacteroidetes; D_2__Cytophagia; D_3__Order II; D_4__Rhodothermaceae; D_5__Salinibacter; D_6__uncultured bacterium
DQ432015.1.1454___Halobacteria	4.0	0.0	11.0	1.0	21.0	30.0	2.0	4.0	2.0	0.0	26.0	7.0	25.0	2.0	15.0	0.0	1.0	4.0	6.0	2.0	7.0	0.0	0.0	0.0	1.0	0.0	7.0	5.0	10.0	1.0	6.0	15.0	17.0	34.0	52.0	0.0	18.0	8.0	4.0	7.0	2.0	0.0	4.0	0.0	7.0	0.0	1.0	2.0	2.0	2.0	0.0	6.0	0.0	0.0	76.0	18.0	1.0	14.0	31.0	13.0	0.0	3.0	0.0	0.0	0.0	7.0	1.0	0.0	D_0__Archaea; D_1__Euryarchaeota; D_2__Halobacteria; D_3__Halobacteriales; D_4__Halobacteriaceae; D_5__Haloplanus
HQ157635.1.921___Halobacteria	0.0	1.0	0.0	0.0	13.0	14.0	0.0	0.0	0.0	0.0	0.0	0.0	0.0	3.0	0.0	0.0	0.0	0.0	0.0	1.0	15.0	0.0	0.0	0.0	0.0	0.0	0.0	0.0	86.0	0.0	4.0	0.0	0.0	0.0	2.0	0.0	0.0	0.0	0.0	0.0	0.0	0.0	0.0	1.0	0.0	1.0	0.0	0.0	6.0	1.0	0.0	0.0	0.0	0.0	1.0	0.0	8.0	4.0	0.0	0.0	0.0	0.0	0.0	0.0	0.0	1.0	0.0	0.0	D_0__Archaea; D_1__Euryarchaeota; D_2__Halobacteria; D_3__Halobacteriales; D_4__Halobacteriaceae; D_5__Halococcus
HQ425146.1.1450___Halobacteria	28.0	15.0	37.0	9.0	14.0	49.0	72.0	29.0	40.0	29.0	17.0	37.0	75.0	10.0	46.0	15.0	7.0	37.0	32.0	56.0	4.0	28.0	28.0	12.0	7.0	40.0	31.0	5.0	22.0	1.0	7.0	16.0	62.0	88.0	52.0	16.0	37.0	17.0	40.0	57.0	20.0	40.0	49.0	15.0	39.0	36.0	11.0	17.0	42.0	33.0	16.0	39.0	9.0	32.0	95.0	21.0	0.0	27.0	82.0	28.0	24.0	70.0	12.0	23.0	83.0	47.0	2.0	7.0	D_0__Archaea; D_1__Euryarchaeota; D_2__Halobacteria; D_3__Halobacteriales; D_4__Halobacteriaceae; D_5__Halapricum; D_6__uncultured archaeon
AB725662.1.1441___Halobacteria	2.0	0.0	11.0	0.0	0.0	3.0	0.0	27.0	30.0	0.0	0.0	7.0	0.0	19.0	0.0	0.0	0.0	0.0	0.0	0.0	67.0	0.0	0.0	0.0	103.0	2.0	0.0	0.0	10.0	29.0	3.0	6.0	1.0	0.0	0.0	0.0	4.0	5.0	0.0	0.0	0.0	0.0	0.0	0.0	0.0	0.0	0.0	0.0	0.0	0.0	0.0	0.0	0.0	0.0	0.0	0.0	10.0	0.0	0.0	0.0	0.0	0.0	0.0	0.0	0.0	0.0	0.0	0.0	D_0__Archaea; D_1__Euryarchaeota; D_2__Halobacteria; D_3__Halobacteriales; D_4__Halobacteriaceae; D_5__Haloarchaeobius
HQ425153.1.1433___Halobacteria	42.0	42.0	28.0	22.0	18.0	79.0	111.0	56.0	50.0	31.0	35.0	70.0	125.0	5.0	22.0	16.0	14.0	65.0	53.0	86.0	5.0	45.0	76.0	23.0	16.0	72.0	47.0	1.0	38.0	2.0	5.0	38.0	108.0	115.0	90.0	26.0	88.0	22.0	82.0	108.0	26.0	79.0	116.0	38.0	52.0	82.0	18.0	24.0	62.0	81.0	19.0	56.0	10.0	68.0	159.0	35.0	2.0	43.0	165.0	65.0	28.0	76.0	27.0	31.0	155.0	70.0	1.0	8.0	D_0__Archaea; D_1__Euryarchaeota; D_2__Halobacteria; D_3__Halobacteriales; D_4__Halobacteriaceae
EU722669.1.1444___Halobacteria	1.0	4.0	2.0	2.0	1.0	2.0	5.0	7.0	3.0	4.0	1.0	1.0	6.0	3.0	5.0	2.0	10.0	1.0	1.0	9.0	2.0	1.0	0.0	0.0	9.0	2.0	2.0	2.0	1.0	1.0	3.0	2.0	5.0	1.0	2.0	2.0	3.0	4.0	0.0	5.0	2.0	0.0	1.0	1.0	1.0	1.0	3.0	11.0	4.0	1.0	2.0	4.0	2.0	0.0	4.0	1.0	7.0	1.0	1.0	0.0	2.0	2.0	2.0	0.0	0.0	1.0	3.0	0.0	D_0__Archaea; D_1__Euryarchaeota; D_2__Halobacteria; D_3__Halobacteriales; D_4__Halobacteriaceae; D_5__Halapricum; D_6__uncultured archaeon
GQ861389.1.920___Halobacteria	2.0	8.0	0.0	0.0	0.0	2.0	0.0	7.0	0.0	6.0	1.0	1.0	2.0	0.0	0.0	0.0	0.0	0.0	0.0	0.0	1.0	8.0	1.0	0.0	0.0	0.0	1.0	0.0	0.0	0.0	0.0	0.0	0.0	0.0	0.0	0.0	1.0	0.0	0.0	1.0	1.0	6.0	0.0	4.0	2.0	38.0	1.0	1.0	12.0	4.0	1.0	0.0	0.0	2.0	0.0	1.0	0.0	3.0	5.0	0.0	0.0	5.0	0.0	1.0	0.0	0.0	0.0	0.0	D_0__Archaea; D_1__Euryarchaeota; D_2__Halobacteria; D_3__Halobacteriales; D_4__Halobacteriaceae
HM159604.1.1374___Halobacteria	0.0	0.0	0.0	0.0	0.0	1.0	2.0	2.0	0.0	1.0	0.0	0.0	8.0	0.0	0.0	0.0	0.0	1.0	1.0	6.0	0.0	1.0	0.0	0.0	0.0	4.0	0.0	0.0	0.0	0.0	0.0	0.0	1.0	2.0	0.0	0.0	1.0	0.0	6.0	1.0	0.0	1.0	5.0	1.0	0.0	22.0	0.0	6.0	7.0	1.0	1.0	0.0	0.0	0.0	12.0	1.0	0.0	1.0	2.0	0.0	0.0	0.0	0.0	0.0	0.0	0.0	0.0	3.0	D_0__Archaea; D_1__Euryarchaeota; D_2__Halobacteria; D_3__Halobacteriales; D_4__Halobacteriaceae; D_5__Halobacterium
FN391272.1.1348___Halobacteria	0.0	1.0	2.0	6.0	29.0	0.0	1.0	1.0	4.0	4.0	2.0	8.0	2.0	1.0	1.0	0.0	9.0	0.0	0.0	2.0	13.0	0.0	5.0	0.0	34.0	4.0	0.0	5.0	21.0	0.0	5.0	0.0	0.0	1.0	5.0	0.0	14.0	3.0	1.0	3.0	0.0	2.0	0.0	3.0	1.0	1.0	1.0	5.0	0.0	4.0	0.0	0.0	0.0	0.0	2.0	0.0	4.0	2.0	2.0	2.0	1.0	2.0	0.0	0.0	0.0	0.0	1.0	0.0	D_0__Archaea; D_1__Euryarchaeota; D_2__Halobacteria; D_3__Halobacteriales; D_4__Halobacteriaceae; D_5__uncultured; D_6__uncultured euryarchaeote
AY987828.1.1441___Halobacteria	2.0	0.0	1.0	0.0	0.0	1.0	3.0	6.0	1.0	0.0	4.0	1.0	9.0	0.0	0.0	0.0	0.0	2.0	4.0	12.0	0.0	2.0	1.0	1.0	0.0	9.0	2.0	0.0	0.0	0.0	1.0	1.0	5.0	8.0	1.0	0.0	0.0	0.0	4.0	3.0	0.0	1.0	1.0	3.0	0.0	18.0	1.0	11.0	2.0	0.0	0.0	1.0	0.0	0.0	8.0	0.0	0.0	0.0	1.0	2.0	0.0	0.0	1.0	3.0	0.0	1.0	0.0	1.0	D_0__Archaea; D_1__Euryarchaeota; D_2__Halobacteria; D_3__Halobacteriales; D_4__Halobacteriaceae; D_5__Halobacterium
KF673167.1.1439___Halobacteria	10.0	14.0	6.0	10.0	1.0	5.0	32.0	9.0	2.0	12.0	1.0	6.0	19.0	2.0	7.0	3.0	0.0	17.0	21.0	27.0	5.0	14.0	4.0	3.0	2.0	13.0	25.0	2.0	17.0	3.0	1.0	21.0	17.0	8.0	13.0	3.0	10.0	3.0	4.0	22.0	2.0	6.0	13.0	10.0	12.0	22.0	6.0	11.0	10.0	13.0	5.0	15.0	1.0	4.0	14.0	7.0	1.0	5.0	16.0	18.0	6.0	7.0	15.0	3.0	26.0	4.0	0.0	1.0	D_0__Archaea; D_1__Euryarchaeota; D_2__Halobacteria; D_3__Halobacteriales; D_4__Halobacteriaceae; D_5__uncultured; D_6__uncultured archaeon
APHM01010977.3.1297___Halobacteria	3.0	17.0	4.0	4.0	1.0	2.0	8.0	5.0	2.0	2.0	0.0	1.0	2.0	0.0	13.0	0.0	6.0	3.0	33.0	3.0	4.0	4.0	1.0	0.0	6.0	8.0	0.0	8.0	0.0	7.0	1.0	12.0	4.0	6.0	2.0	2.0	12.0	0.0	4.0	2.0	0.0	0.0	3.0	1.0	6.0	1.0	7.0	1.0	2.0	2.0	0.0	7.0	0.0	1.0	2.0	0.0	4.0	3.0	6.0	5.0	3.0	0.0	10.0	7.0	4.0	4.0	1.0	3.0	D_0__Archaea; D_1__Euryarchaeota; D_2__Halobacteria; D_3__Halobacteriales; D_4__Halobacteriaceae; D_5__Haloarcula
GQ374923.1.1446___uncultured haloarchaeon	0.0	2.0	2.0	3.0	1.0	0.0	2.0	1.0	3.0	0.0	0.0	0.0	4.0	1.0	0.0	0.0	0.0	1.0	9.0	30.0	0.0	2.0	1.0	0.0	1.0	5.0	8.0	0.0	0.0	1.0	0.0	1.0	2.0	2.0	30.0	0.0	1.0	1.0	2.0	43.0	6.0	0.0	0.0	0.0	1.0	20.0	0.0	6.0	51.0	2.0	0.0	43.0	0.0	0.0	1.0	9.0	1.0	12.0	0.0	5.0	0.0	7.0	0.0	0.0	4.0	0.0	0.0	0.0	D_0__Archaea; D_1__Nanohaloarchaeota; D_2__uncultured haloarchaeon; D_3__uncultured haloarchaeon; D_4__uncultured haloarchaeon; D_5__uncultured haloarchaeon; D_6__uncultured haloarchaeon
GQ861367.1.915___Halobacteria	2.0	3.0	2.0	0.0	1.0	3.0	22.0	4.0	0.0	3.0	2.0	2.0	1.0	3.0	1.0	2.0	0.0	13.0	1.0	6.0	2.0	4.0	3.0	0.0	3.0	9.0	14.0	0.0	9.0	0.0	1.0	5.0	1.0	4.0	1.0	2.0	17.0	5.0	22.0	4.0	0.0	0.0	5.0	25.0	2.0	3.0	0.0	9.0	13.0	6.0	0.0	27.0	1.0	1.0	9.0	1.0	1.0	2.0	1.0	1.0	1.0	2.0	2.0	6.0	1.0	0.0	1.0	4.0	D_0__Archaea; D_1__Euryarchaeota; D_2__Halobacteria; D_3__Halobacteriales; D_4__Halobacteriaceae; D_5__Halomarina; D_6__uncultured archaeon
EU869368.1.1233___Halobacteria	12.0	0.0	2.0	0.0	19.0	0.0	0.0	3.0	2.0	0.0	4.0	9.0	0.0	27.0	20.0	0.0	3.0	0.0	0.0	0.0	1.0	0.0	0.0	0.0	4.0	0.0	0.0	2.0	0.0	1.0	7.0	0.0	0.0	0.0	0.0	0.0	0.0	2.0	0.0	0.0	1.0	0.0	0.0	0.0	0.0	0.0	42.0	0.0	0.0	0.0	5.0	0.0	0.0	1.0	0.0	1.0	0.0	0.0	0.0	0.0	0.0	0.0	0.0	0.0	0.0	0.0	0.0	0.0	D_0__Archaea; D_1__Euryarchaeota; D_2__Halobacteria; D_3__Halobacteriales; D_4__Halobacteriaceae; D_5__Halovenus; D_6__uncultured haloarchaeon
HQ400513.1.919___Halobacteria	1.0	3.0	1.0	0.0	1.0	7.0	1.0	16.0	4.0	19.0	10.0	2.0	21.0	0.0	3.0	9.0	3.0	12.0	8.0	8.0	0.0	6.0	0.0	1.0	0.0	2.0	0.0	2.0	2.0	0.0	0.0	0.0	27.0	2.0	3.0	1.0	1.0	0.0	1.0	10.0	0.0	16.0	21.0	3.0	5.0	5.0	0.0	2.0	3.0	0.0	2.0	4.0	1.0	12.0	0.0	4.0	0.0	2.0	15.0	7.0	3.0	1.0	0.0	0.0	18.0	4.0	3.0	0.0	D_0__Archaea; D_1__Euryarchaeota; D_2__Halobacteria; D_3__Halobacteriales; D_4__Halobacteriaceae
FN391291.1.1344___Halobacteria	1.0	0.0	8.0	0.0	10.0	4.0	0.0	4.0	1.0	0.0	0.0	8.0	0.0	35.0	0.0	0.0	5.0	0.0	0.0	1.0	39.0	0.0	0.0	0.0	9.0	0.0	0.0	0.0	25.0	2.0	5.0	1.0	0.0	0.0	0.0	0.0	53.0	1.0	0.0	0.0	18.0	0.0	0.0	0.0	0.0	0.0	0.0	0.0	0.0	0.0	0.0	0.0	0.0	0.0	0.0	0.0	12.0	0.0	0.0	0.0	0.0	1.0	0.0	0.0	0.0	0.0	0.0	0.0	D_0__Archaea; D_1__Euryarchaeota; D_2__Halobacteria; D_3__Halobacteriales; D_4__Halobacteriaceae; D_5__Halovenus
HQ215546.1.1474___Halobacteria	2.0	12.0	4.0	0.0	0.0	2.0	5.0	11.0	2.0	2.0	1.0	1.0	4.0	0.0	0.0	0.0	1.0	0.0	1.0	1.0	1.0	1.0	2.0	1.0	1.0	8.0	0.0	2.0	2.0	1.0	2.0	10.0	1.0	1.0	0.0	4.0	1.0	3.0	0.0	3.0	1.0	0.0	3.0	1.0	1.0	3.0	8.0	1.0	1.0	2.0	5.0	3.0	1.0	0.0	0.0	0.0	1.0	3.0	2.0	1.0	6.0	0.0	3.0	0.0	0.0	1.0	4.0	0.0	D_0__Archaea; D_1__Euryarchaeota; D_2__Halobacteria; D_3__Halobacteriales; D_4__Halobacteriaceae; D_5__Halomicrobium
KF234338.1.1355___Halobacteria	13.0	31.0	1.0	5.0	0.0	3.0	58.0	1.0	3.0	70.0	9.0	2.0	8.0	2.0	3.0	6.0	0.0	12.0	8.0	25.0	2.0	31.0	1.0	6.0	2.0	25.0	14.0	1.0	0.0	0.0	0.0	61.0	2.0	6.0	5.0	5.0	0.0	2.0	8.0	43.0	0.0	3.0	6.0	26.0	9.0	67.0	6.0	14.0	55.0	28.0	11.0	19.0	0.0	0.0	1.0	2.0	5.0	6.0	28.0	2.0	12.0	2.0	37.0	9.0	11.0	1.0	0.0	1.0	D_0__Archaea; D_1__Euryarchaeota; D_2__Halobacteria; D_3__Halobacteriales; D_4__Halobacteriaceae; D_5__Natronomonas
JX883832.1.1478___Cytophagia	109.0	297.0	238.0	115.0	93.0	261.0	272.0	260.0	110.0	168.0	185.0	153.0	190.0	268.0	143.0	61.0	111.0	169.0	368.0	541.0	247.0	197.0	116.0	24.0	210.0	208.0	339.0	71.0	173.0	97.0	179.0	168.0	375.0	345.0	234.0	22.0	171.0	180.0	158.0	306.0	182.0	173.0	168.0	113.0	139.0	192.0	97.0	100.0	195.0	159.0	125.0	281.0	20.0	68.0	410.0	208.0	56.0	126.0	299.0	232.0	134.0	207.0	61.0	120.0	528.0	56.0	63.0	80.0	D_0__Bacteria; D_1__Bacteroidetes; D_2__Cytophagia; D_3__Order II; D_4__Rhodothermaceae; D_5__Salinibacter; D_6__uncultured bacterium
AB533906.1.1485___Cytophagia	0.0	0.0	3.0	0.0	69.0	15.0	0.0	1.0	2.0	0.0	3.0	1.0	0.0	45.0	1.0	0.0	0.0	0.0	0.0	0.0	88.0	0.0	0.0	0.0	0.0	0.0	0.0	0.0	2.0	1.0	4.0	0.0	5.0	0.0	0.0	0.0	0.0	6.0	0.0	0.0	2.0	0.0	0.0	0.0	0.0	0.0	0.0	0.0	0.0	0.0	0.0	0.0	0.0	0.0	0.0	2.0	0.0	0.0	0.0	0.0	0.0	0.0	0.0	0.0	0.0	0.0	0.0	0.0	D_0__Bacteria; D_1__Bacteroidetes; D_2__Cytophagia; D_3__Order II; D_4__Rhodothermaceae; D_5__Salinibacter; D_6__uncultured bacterium
KM453695.1.1471___Halobacteria	0.0	2.0	1.0	2.0	0.0	1.0	3.0	0.0	0.0	18.0	0.0	0.0	2.0	0.0	0.0	3.0	5.0	0.0	2.0	1.0	0.0	3.0	1.0	1.0	0.0	0.0	0.0	0.0	0.0	0.0	0.0	1.0	0.0	3.0	0.0	2.0	0.0	0.0	4.0	2.0	0.0	9.0	13.0	11.0	8.0	6.0	0.0	2.0	7.0	7.0	0.0	3.0	0.0	16.0	2.0	3.0	0.0	9.0	7.0	17.0	0.0	25.0	3.0	3.0	0.0	4.0	0.0	12.0	D_0__Archaea; D_1__Euryarchaeota; D_2__Halobacteria; D_3__Halobacteriales; D_4__Halobacteriaceae; D_5__uncultured
New.ReferenceOTU42___Halobacteria	78.0	63.0	89.0	48.0	61.0	173.0	235.0	116.0	109.0	63.0	60.0	91.0	183.0	11.0	68.0	59.0	11.0	127.0	127.0	175.0	24.0	126.0	109.0	48.0	21.0	114.0	74.0	7.0	138.0	6.0	11.0	73.0	225.0	274.0	173.0	38.0	196.0	42.0	104.0	221.0	34.0	120.0	229.0	54.0	129.0	145.0	25.0	59.0	92.0	158.0	43.0	112.0	15.0	103.0	264.0	76.0	5.0	110.0	321.0	135.0	64.0	150.0	38.0	69.0	289.0	121.0	8.0	33.0	D_0__Archaea; D_1__Euryarchaeota; D_2__Halobacteria; D_3__Halobacteriales; D_4__Halobacteriaceae; D_5__Halapricum; D_6__uncultured archaeon
New.ReferenceOTU79___Unassigned	4.0	2.0	3.0	5.0	0.0	2.0	11.0	1.0	3.0	3.0	0.0	2.0	0.0	0.0	5.0	0.0	0.0	15.0	4.0	25.0	0.0	9.0	16.0	2.0	0.0	1.0	6.0	1.0	1.0	0.0	0.0	4.0	0.0	0.0	2.0	11.0	0.0	1.0	26.0	5.0	0.0	2.0	7.0	1.0	0.0	9.0	3.0	0.0	5.0	2.0	8.0	6.0	3.0	2.0	4.0	1.0	0.0	7.0	0.0	0.0	14.0	0.0	10.0	2.0	8.0	0.0	0.0	2.0	Unassigned
New.ReferenceOTU70___Halobacteria	12.0	95.0	1.0	52.0	0.0	2.0	49.0	1.0	4.0	7.0	5.0	6.0	40.0	0.0	0.0	78.0	0.0	99.0	101.0	22.0	0.0	26.0	12.0	7.0	0.0	20.0	64.0	1.0	0.0	0.0	0.0	98.0	5.0	7.0	28.0	49.0	4.0	2.0	48.0	56.0	0.0	7.0	47.0	46.0	23.0	47.0	2.0	5.0	27.0	27.0	17.0	59.0	20.0	26.0	47.0	7.0	1.0	10.0	5.0	3.0	23.0	8.0	137.0	10.0	99.0	12.0	0.0	9.0	D_0__Archaea; D_1__Euryarchaeota; D_2__Halobacteria; D_3__Halobacteriales; D_4__Halobacteriaceae; D_5__Natronomonas
New.ReferenceOTU71___Cytophagia	5.0	7.0	10.0	5.0	2.0	10.0	14.0	5.0	3.0	10.0	9.0	5.0	6.0	5.0	8.0	3.0	3.0	4.0	7.0	8.0	6.0	6.0	1.0	1.0	4.0	7.0	12.0	1.0	4.0	2.0	5.0	4.0	14.0	4.0	9.0	3.0	1.0	0.0	5.0	6.0	1.0	2.0	5.0	1.0	5.0	4.0	0.0	2.0	12.0	4.0	4.0	12.0	0.0	4.0	15.0	8.0	0.0	2.0	12.0	7.0	4.0	3.0	4.0	4.0	8.0	1.0	1.0	2.0	D_0__Bacteria; D_1__Bacteroidetes; D_2__Cytophagia; D_3__Order II; D_4__Rhodothermaceae; D_5__Salinibacter; D_6__uncultured bacterium
New.ReferenceOTU0___Halobacteria	155.0	1062.0	303.0	408.0	112.0	248.0	648.0	334.0	349.0	294.0	239.0	325.0	624.0	307.0	79.0	205.0	34.0	320.0	732.0	605.0	145.0	501.0	332.0	256.0	291.0	385.0	771.0	55.0	96.0	492.0	77.0	631.0	260.0	381.0	936.0	422.0	658.0	165.0	739.0	783.0	103.0	257.0	373.0	302.0	1235.0	364.0	337.0	277.0	888.0	483.0	237.0	811.0	207.0	166.0	1270.0	432.0	437.0	269.0	456.0	439.0	399.0	702.0	1097.0	381.0	306.0	190.0	34.0	1307.0	D_0__Archaea; D_1__Euryarchaeota; D_2__Halobacteria; D_3__Halobacteriales; D_4__Halobacteriaceae; D_5__Natronomonas
New.ReferenceOTU1___Cyanobacteria	375.0	299.0	359.0	107.0	127.0	857.0	739.0	966.0	451.0	964.0	47.0	343.0	327.0	0.0	224.0	623.0	95.0	53.0	299.0	511.0	18.0	692.0	215.0	117.0	1.0	215.0	46.0	233.0	829.0	0.0	29.0	303.0	585.0	908.0	222.0	344.0	65.0	49.0	358.0	546.0	291.0	786.0	496.0	623.0	250.0	530.0	0.0	179.0	669.0	291.0	640.0	198.0	284.0	818.0	126.0	331.0	1.0	205.0	874.0	283.0	390.0	379.0	465.0	455.0	213.0	381.0	4.0	265.0	D_0__Bacteria; D_1__Cyanobacteria; D_2__Cyanobacteria; D_3__SubsectionIII; D_4__FamilyI
New.ReferenceOTU6___Chloroplast	0.0	0.0	25.0	1.0	0.0	141.0	1.0	215.0	0.0	0.0	3042.0	48.0	0.0	0.0	365.0	0.0	0.0	0.0	0.0	0.0	0.0	0.0	0.0	0.0	0.0	3.0	0.0	0.0	0.0	0.0	0.0	5.0	0.0	0.0	0.0	0.0	0.0	2201.0	0.0	0.0	0.0	0.0	0.0	0.0	0.0	0.0	0.0	0.0	0.0	0.0	0.0	0.0	0.0	0.0	0.0	0.0	1.0	0.0	0.0	0.0	0.0	0.0	0.0	0.0	0.0	0.0	0.0	0.0	D_0__Bacteria; D_1__Cyanobacteria; D_2__Chloroplast
New.ReferenceOTU7___Halobacteria	5.0	10.0	11.0	9.0	1.0	17.0	7.0	14.0	9.0	10.0	12.0	2.0	7.0	2.0	6.0	9.0	2.0	20.0	8.0	6.0	6.0	16.0	13.0	4.0	2.0	11.0	3.0	0.0	10.0	0.0	1.0	16.0	13.0	9.0	12.0	8.0	4.0	36.0	8.0	20.0	0.0	7.0	25.0	11.0	7.0	9.0	7.0	2.0	13.0	15.0	4.0	10.0	4.0	10.0	10.0	7.0	0.0	5.0	20.0	12.0	5.0	11.0	10.0	8.0	18.0	2.0	0.0	1.0	D_0__Archaea; D_1__Euryarchaeota; D_2__Halobacteria; D_3__Halobacteriales; D_4__Halobacteriaceae; D_5__Halomicrobium
New.ReferenceOTU289___Halobacteria	0.0	1.0	27.0	0.0	6.0	6.0	5.0	1.0	6.0	3.0	1.0	2.0	0.0	6.0	1.0	0.0	3.0	0.0	0.0	1.0	7.0	1.0	1.0	0.0	12.0	1.0	0.0	5.0	18.0	13.0	5.0	3.0	1.0	2.0	0.0	0.0	14.0	12.0	0.0	2.0	4.0	0.0	1.0	0.0	3.0	1.0	6.0	0.0	4.0	1.0	0.0	0.0	0.0	0.0	0.0	1.0	3.0	2.0	0.0	0.0	0.0	0.0	0.0	1.0	0.0	2.0	2.0	0.0	D_0__Archaea; D_1__Euryarchaeota; D_2__Halobacteria; D_3__Halobacteriales; D_4__Halobacteriaceae; D_5__Halovenus
New.ReferenceOTU280___Deltaproteobacteria	0.0	2.0	1.0	0.0	1.0	0.0	8.0	2.0	0.0	0.0	1.0	6.0	0.0	0.0	0.0	0.0	0.0	4.0	1.0	12.0	1.0	0.0	3.0	5.0	0.0	3.0	0.0	8.0	0.0	0.0	0.0	0.0	0.0	3.0	0.0	2.0	0.0	1.0	1.0	6.0	1.0	0.0	0.0	0.0	0.0	9.0	1.0	0.0	0.0	0.0	5.0	2.0	6.0	0.0	0.0	1.0	1.0	2.0	0.0	1.0	0.0	0.0	8.0	0.0	0.0	0.0	0.0	0.0	D_0__Bacteria; D_1__Proteobacteria; D_2__Deltaproteobacteria; D_3__Desulfuromonadales; D_4__GR-WP33-58; D_5__uncultured bacterium; D_6__uncultured bacterium
New.ReferenceOTU136___Gammaproteobacteria	47.0	0.0	13.0	0.0	1.0	9.0	0.0	4.0	8.0	0.0	1.0	0.0	0.0	22.0	8.0	0.0	6.0	0.0	0.0	0.0	6.0	0.0	0.0	0.0	2.0	2.0	0.0	63.0	2.0	6.0	6.0	2.0	5.0	0.0	0.0	0.0	2.0	19.0	0.0	0.0	22.0	0.0	0.0	0.0	0.0	0.0	0.0	0.0	0.0	0.0	19.0	0.0	0.0	0.0	0.0	1.0	34.0	0.0	0.0	0.0	0.0	0.0	0.0	0.0	0.0	0.0	40.0	0.0	D_0__Bacteria; D_1__Proteobacteria; D_2__Gammaproteobacteria; D_3__Salinisphaerales; D_4__Salinisphaeraceae; D_5__Salinisphaera
New.ReferenceOTU282___Halobacteria	187.0	1.0	23.0	0.0	14.0	49.0	0.0	20.0	18.0	4.0	3.0	2.0	0.0	42.0	59.0	0.0	73.0	0.0	0.0	0.0	36.0	0.0	0.0	0.0	167.0	8.0	0.0	423.0	34.0	177.0	24.0	2.0	4.0	1.0	0.0	0.0	4.0	37.0	0.0	0.0	69.0	0.0	0.0	0.0	0.0	0.0	55.0	0.0	0.0	0.0	32.0	0.0	0.0	0.0	1.0	1.0	180.0	0.0	0.0	0.0	8.0	0.0	0.0	0.0	0.0	0.0	125.0	0.0	D_0__Archaea; D_1__Euryarchaeota; D_2__Halobacteria; D_3__Halobacteriales; D_4__Halobacteriaceae; D_5__Halococcus
New.ReferenceOTU47___uncultured haloarchaeon	1.0	1.0	5.0	2.0	0.0	0.0	2.0	14.0	17.0	0.0	1.0	0.0	0.0	1.0	1.0	0.0	0.0	1.0	6.0	43.0	1.0	1.0	0.0	0.0	6.0	30.0	10.0	0.0	0.0	2.0	0.0	0.0	11.0	0.0	8.0	0.0	10.0	4.0	1.0	36.0	14.0	1.0	0.0	1.0	3.0	28.0	0.0	27.0	59.0	0.0	1.0	55.0	0.0	0.0	2.0	26.0	23.0	9.0	3.0	4.0	3.0	15.0	1.0	3.0	0.0	0.0	1.0	4.0	D_0__Archaea; D_1__Nanohaloarchaeota; D_2__uncultured haloarchaeon; D_3__uncultured haloarchaeon; D_4__uncultured haloarchaeon; D_5__uncultured haloarchaeon; D_6__uncultured haloarchaeon
New.ReferenceOTU66___Chloroplast	16.0	402.0	17.0	8.0	80.0	42.0	38.0	2.0	22.0	318.0	32.0	24.0	32.0	0.0	2.0	199.0	18.0	3.0	38.0	172.0	2.0	61.0	94.0	54.0	37.0	10.0	0.0	19.0	8.0	4.0	5.0	49.0	37.0	13.0	19.0	84.0	76.0	0.0	170.0	53.0	5.0	150.0	27.0	42.0	47.0	105.0	0.0	5.0	109.0	140.0	4.0	12.0	108.0	37.0	0.0	114.0	0.0	1.0	97.0	60.0	93.0	48.0	267.0	30.0	37.0	21.0	3.0	47.0	D_0__Bacteria; D_1__Cyanobacteria; D_2__Chloroplast
New.ReferenceOTU64___Halobacteria	1.0	3.0	14.0	2.0	2.0	5.0	3.0	4.0	10.0	1.0	5.0	1.0	3.0	7.0	0.0	1.0	0.0	2.0	3.0	2.0	1.0	3.0	0.0	0.0	8.0	6.0	3.0	0.0	1.0	22.0	2.0	11.0	5.0	2.0	9.0	0.0	3.0	1.0	1.0	3.0	3.0	2.0	2.0	1.0	3.0	0.0	4.0	2.0	3.0	2.0	2.0	3.0	1.0	1.0	4.0	5.0	12.0	0.0	4.0	1.0	3.0	1.0	1.0	1.0	0.0	1.0	1.0	2.0	D_0__Archaea; D_1__Euryarchaeota; D_2__Halobacteria; D_3__Halobacteriales; D_4__Halobacteriaceae; D_5__Natronomonas
New.ReferenceOTU121___Gammaproteobacteria	32.0	35.0	40.0	28.0	7.0	52.0	55.0	71.0	23.0	32.0	50.0	6.0	14.0	4.0	22.0	6.0	21.0	38.0	30.0	81.0	2.0	20.0	8.0	9.0	0.0	64.0	11.0	50.0	8.0	1.0	42.0	97.0	76.0	21.0	37.0	20.0	14.0	18.0	49.0	32.0	47.0	34.0	50.0	30.0	16.0	73.0	5.0	3.0	40.0	33.0	38.0	23.0	7.0	17.0	25.0	68.0	12.0	19.0	8.0	6.0	44.0	6.0	10.0	5.0	21.0	8.0	28.0	6.0	D_0__Bacteria; D_1__Proteobacteria; D_2__Gammaproteobacteria; D_3__Chromatiales; D_4__Ectothiorhodospiraceae; D_5__uncultured
New.ReferenceOTU120___Chloroplast	3.0	2.0	2.0	0.0	3.0	4.0	1.0	0.0	1.0	0.0	0.0	0.0	2.0	10.0	3.0	0.0	1.0	0.0	2.0	3.0	0.0	4.0	0.0	0.0	4.0	4.0	0.0	0.0	0.0	13.0	9.0	3.0	5.0	7.0	5.0	0.0	0.0	1.0	1.0	4.0	2.0	0.0	4.0	0.0	1.0	4.0	5.0	0.0	4.0	0.0	0.0	2.0	0.0	0.0	0.0	4.0	9.0	0.0	0.0	0.0	1.0	2.0	1.0	1.0	4.0	1.0	3.0	5.0	D_0__Bacteria; D_1__Cyanobacteria; D_2__Chloroplast
New.ReferenceOTU122___Halobacteria	7.0	14.0	1.0	2.0	0.0	10.0	7.0	5.0	8.0	3.0	4.0	0.0	8.0	0.0	2.0	24.0	0.0	12.0	13.0	12.0	0.0	6.0	20.0	2.0	0.0	8.0	11.0	0.0	1.0	0.0	0.0	21.0	18.0	9.0	9.0	0.0	8.0	1.0	4.0	2.0	0.0	5.0	12.0	6.0	6.0	22.0	1.0	2.0	12.0	4.0	2.0	2.0	3.0	3.0	2.0	5.0	0.0	6.0	7.0	8.0	0.0	3.0	1.0	2.0	45.0	7.0	0.0	0.0	D_0__Archaea; D_1__Euryarchaeota; D_2__Halobacteria; D_3__Halobacteriales; D_4__Halobacteriaceae; D_5__uncultured; D_6__uncultured archaeon
New.ReferenceOTU261___Halobacteria	4.0	10.0	5.0	1.0	0.0	15.0	4.0	7.0	2.0	24.0	1.0	13.0	11.0	0.0	3.0	2.0	0.0	19.0	2.0	21.0	0.0	66.0	3.0	2.0	0.0	4.0	1.0	0.0	5.0	0.0	1.0	13.0	0.0	4.0	3.0	3.0	0.0	7.0	9.0	18.0	6.0	46.0	39.0	33.0	1.0	15.0	1.0	4.0	20.0	7.0	12.0	2.0	45.0	24.0	0.0	0.0	0.0	7.0	47.0	1.0	33.0	0.0	16.0	3.0	4.0	10.0	0.0	14.0	D_0__Archaea; D_1__Euryarchaeota; D_2__Halobacteria; D_3__Halobacteriales; D_4__Halobacteriaceae; D_5__Halomarina; D_6__uncultured archaeon
New.ReferenceOTU13___uncultured haloarchaeon	0.0	1.0	3.0	9.0	0.0	0.0	1.0	5.0	1.0	4.0	0.0	1.0	3.0	2.0	1.0	0.0	0.0	2.0	1.0	2.0	0.0	2.0	3.0	0.0	0.0	5.0	1.0	0.0	0.0	1.0	0.0	2.0	1.0	3.0	0.0	1.0	6.0	0.0	0.0	2.0	1.0	2.0	5.0	4.0	8.0	16.0	0.0	5.0	2.0	3.0	2.0	2.0	2.0	0.0	0.0	0.0	0.0	3.0	1.0	3.0	1.0	6.0	3.0	4.0	17.0	2.0	0.0	0.0	D_0__Archaea; D_1__Nanohaloarchaeota; D_2__uncultured haloarchaeon; D_3__uncultured haloarchaeon; D_4__uncultured haloarchaeon; D_5__uncultured haloarchaeon; D_6__uncultured haloarchaeon
New.ReferenceOTU11___Unassigned	50.0	0.0	26.0	0.0	3.0	1.0	2.0	5.0	6.0	2.0	24.0	1.0	0.0	0.0	6.0	0.0	1.0	0.0	0.0	0.0	1.0	0.0	0.0	0.0	0.0	6.0	0.0	58.0	1.0	0.0	35.0	4.0	0.0	12.0	0.0	0.0	0.0	18.0	0.0	0.0	8.0	0.0	0.0	0.0	0.0	0.0	8.0	0.0	0.0	0.0	18.0	0.0	0.0	0.0	0.0	0.0	19.0	0.0	0.0	0.0	12.0	0.0	0.0	0.0	0.0	0.0	37.0	0.0	Unassigned
New.ReferenceOTU16___Nanohaloarchaeota	2.0	4.0	0.0	2.0	1.0	0.0	16.0	5.0	5.0	0.0	3.0	1.0	2.0	1.0	1.0	0.0	2.0	14.0	3.0	5.0	1.0	3.0	0.0	0.0	0.0	12.0	19.0	1.0	0.0	0.0	1.0	5.0	16.0	0.0	2.0	1.0	15.0	0.0	2.0	7.0	22.0	0.0	5.0	8.0	12.0	60.0	1.0	3.0	6.0	0.0	2.0	71.0	0.0	0.0	10.0	1.0	9.0	5.0	0.0	0.0	0.0	1.0	2.0	0.0	0.0	1.0	0.0	1.0	D_0__Archaea; D_1__Nanohaloarchaeota
New.ReferenceOTU297___Halobacteria	0.0	0.0	4.0	0.0	2.0	1.0	0.0	0.0	10.0	0.0	5.0	7.0	1.0	2.0	0.0	0.0	8.0	0.0	3.0	0.0	0.0	0.0	0.0	0.0	134.0	0.0	2.0	0.0	1.0	42.0	0.0	1.0	1.0	0.0	9.0	1.0	96.0	0.0	2.0	1.0	2.0	1.0	0.0	0.0	0.0	0.0	7.0	0.0	0.0	2.0	4.0	2.0	0.0	2.0	1.0	0.0	29.0	0.0	0.0	0.0	0.0	0.0	0.0	0.0	1.0	0.0	1.0	0.0	D_0__Archaea; D_1__Euryarchaeota; D_2__Halobacteria; D_3__Halobacteriales; D_4__Halobacteriaceae; D_5__uncultured; D_6__uncultured archaeon
New.ReferenceOTU221___Halobacteria	26.0	0.0	9.0	0.0	0.0	3.0	0.0	4.0	16.0	0.0	0.0	1.0	0.0	0.0	0.0	0.0	0.0	0.0	0.0	0.0	0.0	0.0	1.0	0.0	0.0	50.0	0.0	1.0	0.0	1.0	0.0	8.0	1.0	0.0	0.0	1.0	1.0	26.0	0.0	0.0	4.0	0.0	0.0	0.0	0.0	0.0	3.0	0.0	0.0	0.0	6.0	0.0	0.0	0.0	0.0	0.0	1.0	0.0	0.0	0.0	0.0	0.0	0.0	0.0	0.0	0.0	0.0	0.0	D_0__Archaea; D_1__Euryarchaeota; D_2__Halobacteria; D_3__Halobacteriales; D_4__Halobacteriaceae; D_5__Halobacterium
New.ReferenceOTU90___Cytophagia	0.0	0.0	0.0	0.0	97.0	2.0	0.0	6.0	0.0	0.0	0.0	0.0	0.0	98.0	0.0	0.0	0.0	0.0	0.0	0.0	3.0	0.0	0.0	0.0	0.0	1.0	3.0	0.0	261.0	0.0	0.0	1.0	1.0	0.0	2.0	0.0	18.0	0.0	0.0	0.0	0.0	0.0	0.0	0.0	0.0	0.0	0.0	9.0	0.0	0.0	0.0	2.0	0.0	0.0	1.0	0.0	5.0	0.0	0.0	0.0	0.0	0.0	0.0	0.0	8.0	4.0	0.0	0.0	D_0__Bacteria; D_1__Bacteroidetes; D_2__Cytophagia; D_3__Order II; D_4__Rhodothermaceae; D_5__Salinibacter; D_6__uncultured bacterium
New.ReferenceOTU91___Halobacteria	33.0	4.0	2.0	0.0	1.0	6.0	5.0	11.0	3.0	12.0	1.0	1.0	0.0	0.0	1.0	0.0	0.0	0.0	0.0	0.0	0.0	13.0	0.0	0.0	8.0	4.0	0.0	8.0	1.0	0.0	0.0	1.0	2.0	0.0	0.0	1.0	1.0	4.0	1.0	0.0	2.0	0.0	3.0	10.0	0.0	4.0	0.0	0.0	1.0	2.0	0.0	0.0	0.0	0.0	0.0	0.0	2.0	6.0	1.0	0.0	0.0	0.0	4.0	1.0	0.0	0.0	0.0	0.0	D_0__Archaea; D_1__Euryarchaeota; D_2__Halobacteria; D_3__Halobacteriales; D_4__Halobacteriaceae; D_5__Halobacterium
New.ReferenceOTU134___Unassigned	4.0	6.0	5.0	2.0	0.0	0.0	6.0	20.0	1.0	5.0	6.0	1.0	2.0	1.0	0.0	0.0	0.0	1.0	1.0	0.0	0.0	1.0	11.0	3.0	0.0	3.0	8.0	0.0	0.0	1.0	0.0	7.0	9.0	4.0	1.0	10.0	7.0	0.0	2.0	0.0	1.0	2.0	5.0	3.0	1.0	0.0	0.0	2.0	1.0	2.0	4.0	2.0	1.0	1.0	6.0	8.0	0.0	2.0	2.0	4.0	1.0	1.0	0.0	0.0	3.0	0.0	0.0	2.0	Unassigned
New.ReferenceOTU83___Halobacteria	0.0	4.0	0.0	2.0	0.0	0.0	2.0	1.0	0.0	1.0	3.0	0.0	2.0	0.0	0.0	0.0	0.0	5.0	2.0	2.0	0.0	3.0	1.0	4.0	1.0	0.0	14.0	0.0	0.0	1.0	0.0	2.0	2.0	2.0	6.0	2.0	2.0	0.0	6.0	7.0	0.0	2.0	3.0	2.0	5.0	1.0	0.0	1.0	6.0	4.0	2.0	6.0	2.0	1.0	10.0	2.0	2.0	1.0	3.0	5.0	3.0	4.0	8.0	6.0	1.0	1.0	0.0	23.0	D_0__Archaea; D_1__Euryarchaeota; D_2__Halobacteria; D_3__Halobacteriales; D_4__Halobacteriaceae; D_5__Natronomonas
New.ReferenceOTU144___Halobacteria	0.0	0.0	0.0	0.0	0.0	0.0	0.0	0.0	0.0	0.0	0.0	0.0	0.0	0.0	0.0	0.0	0.0	36.0	12.0	1.0	0.0	0.0	0.0	0.0	0.0	6.0	558.0	0.0	1.0	0.0	0.0	0.0	0.0	0.0	0.0	0.0	0.0	6.0	0.0	0.0	0.0	0.0	0.0	0.0	0.0	0.0	0.0	0.0	0.0	0.0	0.0	0.0	0.0	0.0	0.0	0.0	0.0	0.0	0.0	0.0	0.0	0.0	0.0	0.0	21.0	0.0	0.0	0.0	D_0__Archaea; D_1__Euryarchaeota; D_2__Halobacteria; D_3__Halobacteriales; D_4__Halobacteriaceae; D_5__uncultured; D_6__uncultured archaeon
New.ReferenceOTU87___Halobacteria	10.0	12.0	1.0	6.0	2.0	3.0	9.0	6.0	2.0	30.0	0.0	3.0	28.0	0.0	2.0	25.0	0.0	36.0	12.0	37.0	1.0	32.0	2.0	12.0	5.0	7.0	6.0	0.0	4.0	0.0	1.0	1.0	24.0	0.0	2.0	11.0	1.0	0.0	29.0	27.0	1.0	6.0	15.0	32.0	14.0	25.0	2.0	6.0	17.0	6.0	1.0	15.0	10.0	12.0	17.0	6.0	4.0	5.0	20.0	104.0	22.0	16.0	7.0	16.0	13.0	10.0	0.0	20.0	D_0__Archaea; D_1__Euryarchaeota; D_2__Halobacteria; D_3__Halobacteriales; D_4__Halobacteriaceae; D_5__Halorussus
New.ReferenceOTU89___Halobacteria	0.0	16.0	4.0	3.0	2.0	8.0	7.0	9.0	5.0	9.0	3.0	7.0	11.0	2.0	1.0	2.0	0.0	10.0	11.0	3.0	0.0	7.0	19.0	5.0	0.0	3.0	5.0	0.0	0.0	2.0	0.0	8.0	6.0	5.0	10.0	8.0	8.0	0.0	8.0	8.0	2.0	11.0	10.0	18.0	29.0	5.0	5.0	9.0	21.0	12.0	1.0	11.0	4.0	7.0	4.0	4.0	2.0	5.0	7.0	5.0	20.0	16.0	13.0	4.0	6.0	8.0	0.0	4.0	D_0__Archaea; D_1__Euryarchaeota; D_2__Halobacteria; D_3__Halobacteriales; D_4__Halobacteriaceae; D_5__Natronomonas
New.ReferenceOTU149___Halobacteria	4.0	23.0	2.0	6.0	1.0	1.0	11.0	2.0	5.0	4.0	0.0	3.0	4.0	1.0	0.0	24.0	0.0	36.0	20.0	8.0	1.0	7.0	2.0	1.0	1.0	5.0	26.0	0.0	0.0	1.0	0.0	30.0	2.0	5.0	11.0	8.0	3.0	1.0	13.0	15.0	0.0	3.0	15.0	13.0	7.0	13.0	1.0	1.0	12.0	8.0	4.0	18.0	2.0	5.0	15.0	2.0	0.0	3.0	4.0	3.0	7.0	5.0	25.0	4.0	29.0	6.0	0.0	6.0	D_0__Archaea; D_1__Euryarchaeota; D_2__Halobacteria; D_3__Halobacteriales; D_4__Halobacteriaceae; D_5__Natronomonas
New.ReferenceOTU38___Halobacteria	41.0	89.0	2.0	2.0	1.0	6.0	29.0	4.0	3.0	162.0	6.0	2.0	1.0	4.0	16.0	19.0	1.0	1.0	0.0	20.0	2.0	23.0	20.0	53.0	4.0	19.0	2.0	30.0	12.0	59.0	16.0	16.0	2.0	15.0	1.0	29.0	0.0	27.0	45.0	21.0	9.0	29.0	19.0	10.0	27.0	6.0	25.0	11.0	144.0	60.0	30.0	0.0	20.0	51.0	0.0	2.0	7.0	6.0	28.0	11.0	18.0	2.0	143.0	33.0	5.0	11.0	44.0	12.0	D_0__Archaea; D_1__Euryarchaeota; D_2__Halobacteria; D_3__Halobacteriales; D_4__Halobacteriaceae
New.ReferenceOTU39___Unassigned	4.0	5.0	2.0	6.0	0.0	5.0	11.0	8.0	1.0	2.0	2.0	5.0	0.0	0.0	2.0	0.0	0.0	14.0	11.0	28.0	0.0	6.0	13.0	1.0	0.0	1.0	4.0	5.0	0.0	0.0	0.0	8.0	1.0	0.0	5.0	8.0	1.0	1.0	14.0	4.0	0.0	2.0	5.0	2.0	0.0	12.0	1.0	0.0	4.0	3.0	6.0	7.0	8.0	6.0	3.0	2.0	0.0	8.0	0.0	0.0	10.0	1.0	17.0	0.0	4.0	0.0	0.0	0.0	Unassigned
New.ReferenceOTU35___Halobacteria	29.0	111.0	20.0	25.0	1.0	12.0	191.0	39.0	3.0	330.0	5.0	12.0	14.0	6.0	91.0	113.0	4.0	56.0	57.0	259.0	4.0	173.0	30.0	63.0	5.0	45.0	18.0	84.0	35.0	27.0	31.0	40.0	10.0	45.0	28.0	58.0	2.0	39.0	80.0	98.0	17.0	139.0	60.0	87.0	31.0	61.0	22.0	29.0	140.0	75.0	62.0	17.0	111.0	96.0	19.0	3.0	15.0	31.0	86.0	23.0	31.0	9.0	172.0	48.0	28.0	43.0	16.0	105.0	D_0__Archaea; D_1__Euryarchaeota; D_2__Halobacteria; D_3__Halobacteriales; D_4__Halobacteriaceae
New.ReferenceOTU36___Chloroplast	16.0	115.0	11.0	9.0	42.0	15.0	27.0	0.0	14.0	146.0	17.0	20.0	54.0	4.0	1.0	40.0	5.0	4.0	69.0	167.0	1.0	60.0	31.0	18.0	14.0	5.0	22.0	18.0	6.0	3.0	5.0	18.0	14.0	16.0	37.0	45.0	23.0	0.0	34.0	70.0	0.0	120.0	17.0	23.0	152.0	44.0	2.0	14.0	77.0	108.0	0.0	22.0	16.0	14.0	2.0	19.0	1.0	4.0	118.0	112.0	56.0	72.0	55.0	16.0	25.0	19.0	2.0	12.0	D_0__Bacteria; D_1__Cyanobacteria; D_2__Chloroplast
New.ReferenceOTU37___Unassigned	33.0	52.0	88.0	11.0	5.0	16.0	66.0	81.0	16.0	30.0	75.0	17.0	20.0	7.0	55.0	12.0	22.0	37.0	14.0	44.0	28.0	28.0	48.0	49.0	0.0	14.0	19.0	71.0	13.0	2.0	116.0	34.0	7.0	6.0	23.0	65.0	16.0	219.0	70.0	26.0	42.0	36.0	58.0	78.0	1.0	34.0	27.0	8.0	50.0	30.0	144.0	15.0	71.0	14.0	0.0	7.0	66.0	31.0	46.0	15.0	42.0	4.0	108.0	13.0	12.0	5.0	74.0	10.0	Unassigned
New.ReferenceOTU32___Halobacteria	32.0	37.0	5.0	1.0	1.0	5.0	36.0	21.0	0.0	22.0	0.0	8.0	9.0	4.0	8.0	0.0	3.0	3.0	1.0	6.0	1.0	2.0	9.0	10.0	3.0	29.0	3.0	4.0	1.0	4.0	0.0	20.0	9.0	26.0	1.0	18.0	41.0	1.0	11.0	29.0	9.0	8.0	11.0	7.0	11.0	1.0	22.0	4.0	13.0	8.0	18.0	3.0	4.0	7.0	4.0	5.0	4.0	9.0	21.0	5.0	33.0	6.0	25.0	4.0	2.0	6.0	0.0	9.0	D_0__Archaea; D_1__Euryarchaeota; D_2__Halobacteria; D_3__Halobacteriales; D_4__Halobacteriaceae; D_5__Halosimplex
New.ReferenceOTU198___Cytophagia	12.0	26.0	18.0	17.0	8.0	29.0	39.0	31.0	13.0	29.0	23.0	20.0	17.0	38.0	16.0	13.0	14.0	34.0	30.0	71.0	17.0	24.0	18.0	3.0	16.0	26.0	48.0	3.0	19.0	11.0	23.0	29.0	39.0	55.0	31.0	1.0	26.0	33.0	19.0	45.0	21.0	23.0	21.0	21.0	24.0	22.0	4.0	10.0	29.0	19.0	15.0	34.0	5.0	5.0	59.0	20.0	3.0	8.0	34.0	25.0	18.0	19.0	8.0	18.0	50.0	4.0	9.0	6.0	D_0__Bacteria; D_1__Bacteroidetes; D_2__Cytophagia; D_3__Order II; D_4__Rhodothermaceae; D_5__Salinibacter; D_6__uncultured bacterium
New.ReferenceOTU210___Halobacteria	28.0	24.0	5.0	24.0	1.0	17.0	14.0	4.0	71.0	16.0	11.0	6.0	52.0	7.0	1.0	0.0	1.0	6.0	11.0	8.0	3.0	13.0	8.0	4.0	1.0	18.0	8.0	1.0	7.0	6.0	2.0	39.0	15.0	34.0	50.0	5.0	10.0	9.0	6.0	43.0	3.0	29.0	73.0	3.0	93.0	15.0	7.0	20.0	30.0	34.0	27.0	31.0	3.0	18.0	40.0	9.0	2.0	25.0	52.0	32.0	32.0	63.0	8.0	23.0	6.0	6.0	0.0	6.0	D_0__Archaea; D_1__Euryarchaeota; D_2__Halobacteria; D_3__Halobacteriales; D_4__Halobacteriaceae
New.ReferenceOTU242___Halobacteria	7.0	12.0	5.0	2.0	1.0	8.0	29.0	7.0	6.0	9.0	36.0	2.0	4.0	1.0	3.0	3.0	1.0	32.0	9.0	4.0	1.0	6.0	13.0	4.0	1.0	14.0	8.0	1.0	11.0	2.0	0.0	21.0	12.0	4.0	9.0	4.0	10.0	4.0	8.0	7.0	2.0	63.0	8.0	11.0	7.0	40.0	3.0	10.0	9.0	8.0	9.0	1.0	5.0	4.0	12.0	6.0	0.0	4.0	4.0	1.0	5.0	6.0	15.0	11.0	48.0	27.0	0.0	1.0	D_0__Archaea; D_1__Euryarchaeota; D_2__Halobacteria; D_3__Halobacteriales; D_4__Halobacteriaceae
New.ReferenceOTU155___Chloroplast	8.0	0.0	10.0	11.0	3.0	12.0	5.0	8.0	1.0	1.0	4.0	4.0	7.0	44.0	23.0	0.0	20.0	6.0	9.0	14.0	2.0	4.0	0.0	0.0	9.0	16.0	0.0	1.0	0.0	58.0	31.0	11.0	19.0	24.0	14.0	0.0	0.0	10.0	1.0	5.0	10.0	1.0	8.0	4.0	4.0	11.0	16.0	3.0	8.0	2.0	5.0	4.0	0.0	2.0	1.0	18.0	53.0	7.0	2.0	6.0	5.0	6.0	1.0	6.0	20.0	12.0	14.0	7.0	D_0__Bacteria; D_1__Cyanobacteria; D_2__Chloroplast
New.ReferenceOTU157___Halobacteria	73.0	54.0	33.0	26.0	4.0	68.0	126.0	71.0	10.0	31.0	13.0	33.0	110.0	4.0	25.0	8.0	14.0	52.0	91.0	119.0	5.0	93.0	49.0	13.0	2.0	48.0	33.0	18.0	20.0	7.0	2.0	87.0	129.0	166.0	71.0	60.0	12.0	28.0	70.0	72.0	22.0	141.0	178.0	86.0	58.0	122.0	28.0	41.0	104.0	27.0	72.0	75.0	27.0	98.0	79.0	38.0	3.0	73.0	171.0	111.0	191.0	40.0	37.0	82.0	127.0	86.0	1.0	11.0	D_0__Archaea; D_1__Euryarchaeota; D_2__Halobacteria; D_3__Halobacteriales; D_4__Halobacteriaceae
New.ReferenceOTU43___Halobacteria	23.0	47.0	3.0	0.0	0.0	4.0	12.0	4.0	2.0	94.0	2.0	1.0	0.0	6.0	7.0	16.0	2.0	0.0	0.0	9.0	3.0	10.0	17.0	26.0	2.0	11.0	3.0	22.0	1.0	28.0	12.0	22.0	1.0	4.0	1.0	23.0	1.0	24.0	31.0	7.0	5.0	16.0	10.0	4.0	23.0	5.0	21.0	7.0	68.0	32.0	22.0	0.0	13.0	22.0	0.0	1.0	10.0	3.0	12.0	6.0	10.0	3.0	102.0	20.0	9.0	10.0	27.0	6.0	D_0__Archaea; D_1__Euryarchaeota; D_2__Halobacteria; D_3__Halobacteriales; D_4__Halobacteriaceae; D_5__Halomarina; D_6__uncultured archaeon
New.ReferenceOTU268___Halobacteria	0.0	12.0	0.0	0.0	1.0	1.0	0.0	0.0	0.0	4.0	0.0	0.0	0.0	0.0	1.0	4.0	0.0	1.0	0.0	2.0	0.0	14.0	17.0	0.0	0.0	0.0	0.0	0.0	2.0	0.0	0.0	4.0	0.0	0.0	0.0	6.0	0.0	0.0	0.0	4.0	0.0	7.0	0.0	0.0	0.0	0.0	0.0	0.0	3.0	3.0	0.0	0.0	69.0	6.0	1.0	0.0	0.0	0.0	24.0	0.0	7.0	0.0	137.0	2.0	2.0	2.0	0.0	5.0	D_0__Archaea; D_1__Euryarchaeota; D_2__Halobacteria; D_3__Halobacteriales; D_4__Halobacteriaceae
New.ReferenceOTU21___Chloroplast	29.0	7.0	38.0	23.0	12.0	38.0	27.0	27.0	13.0	4.0	9.0	12.0	20.0	133.0	74.0	0.0	75.0	17.0	19.0	32.0	9.0	20.0	0.0	0.0	50.0	90.0	4.0	10.0	1.0	182.0	116.0	25.0	42.0	73.0	41.0	2.0	2.0	39.0	10.0	14.0	55.0	3.0	35.0	13.0	5.0	36.0	83.0	5.0	30.0	10.0	8.0	5.0	0.0	3.0	11.0	62.0	164.0	12.0	4.0	12.0	20.0	45.0	1.0	10.0	43.0	16.0	40.0	34.0	D_0__Bacteria; D_1__Cyanobacteria; D_2__Chloroplast
New.ReferenceOTU27___Halobacteria	1.0	2.0	3.0	7.0	2.0	4.0	24.0	9.0	3.0	10.0	0.0	3.0	12.0	11.0	10.0	3.0	1.0	1.0	1.0	3.0	13.0	25.0	2.0	0.0	7.0	8.0	2.0	1.0	5.0	3.0	7.0	6.0	23.0	5.0	5.0	13.0	9.0	1.0	5.0	4.0	10.0	8.0	11.0	19.0	5.0	57.0	4.0	28.0	31.0	5.0	2.0	3.0	0.0	6.0	9.0	3.0	8.0	34.0	15.0	16.0	2.0	17.0	0.0	4.0	0.0	7.0	2.0	7.0	D_0__Archaea; D_1__Euryarchaeota; D_2__Halobacteria; D_3__Halobacteriales; D_4__Halobacteriaceae; D_5__Haloarcula; D_6__uncultured euryarchaeote
New.ReferenceOTU26___Halobacteria	58.0	87.0	16.0	31.0	3.0	11.0	231.0	37.0	11.0	102.0	15.0	30.0	31.0	11.0	15.0	8.0	9.0	50.0	7.0	98.0	11.0	38.0	48.0	33.0	16.0	48.0	11.0	4.0	2.0	37.0	5.0	67.0	26.0	64.0	20.0	83.0	116.0	12.0	47.0	70.0	29.0	87.0	63.0	56.0	51.0	38.0	41.0	41.0	50.0	22.0	39.0	37.0	28.0	99.0	56.0	25.0	12.0	70.0	38.0	72.0	91.0	77.0	80.0	62.0	29.0	29.0	0.0	51.0	D_0__Archaea; D_1__Euryarchaeota; D_2__Halobacteria; D_3__Halobacteriales; D_4__Halobacteriaceae; D_5__Halosimplex
New.ReferenceOTU25___Halobacteria	7.0	5.0	2.0	4.0	1.0	0.0	6.0	0.0	2.0	0.0	0.0	3.0	1.0	1.0	0.0	5.0	1.0	14.0	10.0	4.0	1.0	5.0	3.0	1.0	0.0	3.0	7.0	1.0	0.0	0.0	0.0	8.0	2.0	2.0	11.0	1.0	2.0	5.0	2.0	5.0	2.0	3.0	2.0	2.0	8.0	4.0	0.0	1.0	2.0	1.0	2.0	7.0	3.0	1.0	3.0	3.0	3.0	1.0	3.0	1.0	5.0	2.0	9.0	1.0	7.0	2.0	0.0	6.0	D_0__Archaea; D_1__Euryarchaeota; D_2__Halobacteria; D_3__Halobacteriales; D_4__Halobacteriaceae; D_5__Natronomonas
New.ReferenceOTU29___Halobacteria	3.0	1.0	3.0	0.0	0.0	5.0	2.0	28.0	17.0	10.0	0.0	0.0	20.0	0.0	0.0	1.0	0.0	1.0	2.0	17.0	1.0	3.0	0.0	0.0	0.0	0.0	0.0	2.0	3.0	0.0	0.0	1.0	5.0	5.0	3.0	0.0	4.0	0.0	0.0	9.0	2.0	35.0	33.0	2.0	5.0	4.0	0.0	7.0	17.0	0.0	2.0	3.0	1.0	26.0	0.0	3.0	0.0	1.0	17.0	4.0	14.0	2.0	1.0	11.0	1.0	21.0	0.0	0.0	D_0__Archaea; D_1__Euryarchaeota; D_2__Halobacteria; D_3__Halobacteriales; D_4__Halobacteriaceae; D_5__uncultured; D_6__uncultured archaeon
New.ReferenceOTU183___Halobacteria	0.0	0.0	6.0	10.0	9.0	12.0	1.0	8.0	0.0	65.0	1.0	4.0	21.0	1.0	14.0	0.0	6.0	0.0	0.0	10.0	14.0	24.0	1.0	0.0	3.0	0.0	0.0	16.0	4.0	0.0	4.0	0.0	29.0	144.0	17.0	6.0	14.0	2.0	2.0	16.0	19.0	66.0	40.0	2.0	12.0	24.0	1.0	20.0	17.0	14.0	1.0	0.0	0.0	43.0	5.0	7.0	2.0	41.0	51.0	33.0	0.0	36.0	1.0	71.0	0.0	27.0	7.0	0.0	D_0__Archaea; D_1__Euryarchaeota; D_2__Halobacteria; D_3__Halobacteriales; D_4__Halobacteriaceae; D_5__Halovenus; D_6__uncultured archaeon
New.ReferenceOTU57___Halobacteria	0.0	0.0	0.0	0.0	0.0	0.0	0.0	0.0	0.0	2.0	0.0	0.0	2.0	0.0	9.0	0.0	1.0	0.0	1.0	1.0	0.0	2.0	0.0	0.0	0.0	0.0	5.0	0.0	0.0	0.0	0.0	0.0	0.0	1.0	1.0	0.0	0.0	0.0	3.0	5.0	0.0	2.0	0.0	0.0	0.0	0.0	0.0	0.0	5.0	0.0	1.0	0.0	0.0	5.0	28.0	0.0	2.0	3.0	20.0	5.0	0.0	9.0	0.0	1.0	0.0	0.0	0.0	2.0	D_0__Archaea; D_1__Euryarchaeota; D_2__Halobacteria; D_3__Halobacteriales; D_4__Halobacteriaceae; D_5__Halorubrum; D_6__uncultured Halobacterium sp.
New.ReferenceOTU44___Halobacteria	2.0	6.0	0.0	5.0	0.0	1.0	19.0	1.0	2.0	1.0	4.0	1.0	4.0	0.0	0.0	14.0	0.0	5.0	13.0	15.0	0.0	3.0	14.0	0.0	0.0	14.0	3.0	0.0	0.0	0.0	1.0	26.0	1.0	1.0	1.0	3.0	3.0	4.0	8.0	4.0	0.0	5.0	1.0	4.0	3.0	5.0	3.0	1.0	0.0	0.0	1.0	12.0	2.0	2.0	12.0	1.0	0.0	6.0	4.0	3.0	4.0	2.0	1.0	7.0	3.0	2.0	0.0	0.0	D_0__Archaea; D_1__Euryarchaeota; D_2__Halobacteria; D_3__Halobacteriales; D_4__Halobacteriaceae
New.ReferenceOTU273___Unassigned	1211.0	0.0	804.0	0.0	50.0	21.0	34.0	87.0	132.0	7.0	515.0	17.0	0.0	4.0	207.0	0.0	20.0	0.0	2.0	1.0	88.0	0.0	0.0	0.0	0.0	150.0	0.0	1108.0	27.0	36.0	966.0	157.0	21.0	339.0	0.0	0.0	74.0	331.0	4.0	3.0	155.0	1.0	0.0	0.0	13.0	0.0	514.0	0.0	0.0	3.0	652.0	0.0	0.0	0.0	1.0	0.0	529.0	0.0	0.0	0.0	453.0	0.0	0.0	0.0	0.0	0.0	1053.0	0.0	Unassigned
New.ReferenceOTU277___Halobacteria	1.0	1.0	5.0	2.0	0.0	1.0	18.0	7.0	1.0	5.0	0.0	0.0	4.0	6.0	16.0	0.0	2.0	0.0	2.0	1.0	12.0	9.0	0.0	1.0	2.0	19.0	1.0	3.0	3.0	6.0	4.0	15.0	19.0	4.0	1.0	7.0	8.0	1.0	1.0	9.0	6.0	2.0	5.0	11.0	1.0	17.0	0.0	13.0	15.0	1.0	1.0	1.0	0.0	0.0	2.0	2.0	5.0	14.0	9.0	6.0	1.0	3.0	0.0	4.0	2.0	0.0	1.0	1.0	D_0__Archaea; D_1__Euryarchaeota; D_2__Halobacteria; D_3__Halobacteriales; D_4__Halobacteriaceae; D_5__Halomicroarcula
New.ReferenceOTU276___Phycisphaerae	12.0	7.0	19.0	3.0	13.0	15.0	21.0	14.0	11.0	20.0	3.0	12.0	2.0	4.0	8.0	9.0	5.0	19.0	18.0	52.0	10.0	3.0	4.0	2.0	0.0	12.0	2.0	5.0	13.0	0.0	19.0	28.0	15.0	3.0	7.0	5.0	3.0	27.0	15.0	19.0	12.0	8.0	4.0	1.0	3.0	12.0	23.0	1.0	12.0	17.0	34.0	6.0	1.0	7.0	0.0	8.0	2.0	1.0	2.0	1.0	10.0	1.0	4.0	1.0	19.0	0.0	4.0	2.0	D_0__Bacteria; D_1__Planctomycetes; D_2__Phycisphaerae; D_3__Phycisphaerales; D_4__Phycisphaeraceae
New.ReferenceOTU167___Halobacteria	0.0	16.0	6.0	30.0	7.0	4.0	32.0	3.0	4.0	153.0	2.0	8.0	176.0	1.0	1.0	19.0	47.0	1.0	12.0	34.0	3.0	154.0	4.0	36.0	1.0	1.0	3.0	0.0	0.0	1.0	0.0	3.0	7.0	35.0	5.0	65.0	14.0	3.0	41.0	86.0	7.0	129.0	132.0	61.0	185.0	138.0	0.0	46.0	172.0	83.0	73.0	10.0	26.0	134.0	10.0	60.0	0.0	102.0	228.0	373.0	0.0	298.0	36.0	144.0	6.0	30.0	0.0	133.0	D_0__Archaea; D_1__Euryarchaeota; D_2__Halobacteria; D_3__Halobacteriales; D_4__Halobacteriaceae; D_5__uncultured
New.ReferenceOTU166___Halobacteria	0.0	0.0	0.0	0.0	0.0	4.0	0.0	3.0	5.0	9.0	1.0	0.0	4.0	0.0	1.0	2.0	2.0	4.0	3.0	5.0	0.0	1.0	0.0	0.0	0.0	2.0	0.0	1.0	0.0	0.0	0.0	5.0	14.0	3.0	3.0	0.0	1.0	0.0	1.0	6.0	0.0	3.0	5.0	0.0	3.0	2.0	0.0	3.0	3.0	1.0	0.0	1.0	0.0	3.0	0.0	1.0	0.0	1.0	6.0	1.0	4.0	1.0	0.0	0.0	13.0	4.0	1.0	0.0	D_0__Archaea; D_1__Euryarchaeota; D_2__Halobacteria; D_3__Halobacteriales; D_4__Halobacteriaceae; D_5__Halapricum
New.ReferenceOTU218___Unassigned	24.0	5.0	59.0	9.0	13.0	17.0	15.0	28.0	15.0	34.0	6.0	10.0	6.0	72.0	11.0	7.0	49.0	25.0	5.0	53.0	13.0	30.0	16.0	8.0	3.0	13.0	3.0	106.0	6.0	3.0	80.0	41.0	17.0	3.0	6.0	18.0	4.0	66.0	85.0	9.0	55.0	6.0	10.0	2.0	4.0	4.0	41.0	1.0	40.0	16.0	159.0	8.0	28.0	5.0	3.0	11.0	149.0	17.0	1.0	0.0	17.0	0.0	13.0	3.0	6.0	0.0	107.0	2.0	Unassigned
New.ReferenceOTU262___Halobacteria	12.0	12.0	7.0	11.0	9.0	21.0	14.0	50.0	14.0	38.0	9.0	11.0	49.0	5.0	208.0	14.0	31.0	33.0	6.0	15.0	47.0	41.0	9.0	31.0	107.0	23.0	7.0	25.0	26.0	4.0	34.0	3.0	81.0	7.0	12.0	1.0	19.0	11.0	16.0	42.0	57.0	13.0	36.0	58.0	21.0	21.0	9.0	63.0	86.0	11.0	13.0	18.0	38.0	15.0	51.0	51.0	96.0	30.0	8.0	124.0	30.0	26.0	13.0	17.0	9.0	7.0	11.0	6.0	D_0__Archaea; D_1__Euryarchaeota; D_2__Halobacteria; D_3__Halobacteriales; D_4__Halobacteriaceae; D_5__uncultured
New.ReferenceOTU196___Halobacteria	1.0	0.0	13.0	0.0	0.0	9.0	0.0	33.0	27.0	0.0	2.0	10.0	0.0	15.0	0.0	0.0	0.0	0.0	0.0	1.0	60.0	0.0	0.0	0.0	76.0	0.0	0.0	0.0	8.0	27.0	3.0	1.0	0.0	0.0	0.0	0.0	3.0	2.0	0.0	0.0	1.0	0.0	0.0	0.0	0.0	0.0	0.0	0.0	0.0	0.0	0.0	0.0	0.0	0.0	0.0	0.0	9.0	0.0	0.0	0.0	1.0	0.0	0.0	0.0	0.0	0.0	0.0	0.0	D_0__Archaea; D_1__Euryarchaeota; D_2__Halobacteria; D_3__Halobacteriales; D_4__Halobacteriaceae; D_5__Haloarchaeobius; D_6__Haloarchaeobius iranensis
New.ReferenceOTU49___Nitriliruptoria	13.0	28.0	22.0	4.0	3.0	11.0	21.0	16.0	13.0	15.0	14.0	5.0	14.0	1.0	13.0	0.0	3.0	110.0	29.0	20.0	12.0	12.0	1.0	1.0	0.0	31.0	39.0	12.0	0.0	0.0	1.0	34.0	27.0	2.0	24.0	12.0	0.0	13.0	25.0	12.0	0.0	3.0	31.0	1.0	25.0	30.0	15.0	4.0	40.0	19.0	45.0	36.0	5.0	12.0	40.0	8.0	2.0	10.0	0.0	0.0	52.0	8.0	12.0	6.0	27.0	0.0	7.0	6.0	D_0__Bacteria; D_1__Actinobacteria; D_2__Nitriliruptoria; D_3__Euzebyales; D_4__Euzebyaceae; D_5__Euzebya; D_6__uncultured bacterium
New.ReferenceOTU48___Halobacteria	2.0	40.0	1.0	6.0	0.0	4.0	21.0	3.0	8.0	11.0	9.0	0.0	10.0	0.0	2.0	25.0	4.0	9.0	18.0	8.0	0.0	4.0	6.0	0.0	0.0	9.0	9.0	0.0	0.0	0.0	0.0	25.0	18.0	12.0	61.0	2.0	3.0	4.0	2.0	11.0	1.0	8.0	14.0	8.0	2.0	9.0	1.0	2.0	9.0	8.0	5.0	14.0	0.0	4.0	24.0	6.0	0.0	1.0	5.0	5.0	6.0	3.0	1.0	2.0	102.0	3.0	2.0	1.0	D_0__Archaea; D_1__Euryarchaeota; D_2__Halobacteria; D_3__Halobacteriales; D_4__Halobacteriaceae; D_5__Halovenus; D_6__uncultured haloarchaeon
New.ReferenceOTU54___Chloroplast	23.0	51.0	24.0	32.0	41.0	12.0	257.0	9.0	26.0	101.0	9.0	12.0	97.0	26.0	15.0	28.0	31.0	63.0	368.0	251.0	1.0	69.0	18.0	10.0	20.0	46.0	48.0	11.0	46.0	41.0	33.0	50.0	34.0	42.0	152.0	29.0	0.0	8.0	32.0	107.0	16.0	29.0	61.0	87.0	265.0	110.0	23.0	38.0	98.0	116.0	6.0	125.0	4.0	10.0	28.0	18.0	38.0	14.0	134.0	97.0	56.0	117.0	10.0	17.0	71.0	22.0	16.0	18.0	D_0__Bacteria; D_1__Cyanobacteria; D_2__Chloroplast
New.ReferenceOTU215___Halobacteria	0.0	7.0	5.0	3.0	1.0	9.0	14.0	4.0	6.0	4.0	8.0	8.0	15.0	3.0	2.0	0.0	0.0	7.0	17.0	6.0	1.0	9.0	8.0	1.0	1.0	8.0	17.0	0.0	0.0	5.0	1.0	21.0	6.0	13.0	29.0	6.0	14.0	3.0	6.0	13.0	0.0	3.0	11.0	5.0	24.0	10.0	2.0	6.0	16.0	5.0	4.0	23.0	4.0	4.0	18.0	2.0	0.0	4.0	10.0	9.0	5.0	23.0	7.0	6.0	6.0	2.0	0.0	19.0	D_0__Archaea; D_1__Euryarchaeota; D_2__Halobacteria; D_3__Halobacteriales; D_4__Halobacteriaceae; D_5__Natronomonas
New.ReferenceOTU22___Chloroplast	11.0	1.0	11.0	9.0	6.0	17.0	8.0	3.0	1.0	2.0	2.0	6.0	19.0	50.0	19.0	2.0	21.0	6.0	15.0	19.0	4.0	8.0	2.0	0.0	22.0	33.0	0.0	3.0	2.0	66.0	41.0	18.0	21.0	31.0	18.0	0.0	2.0	13.0	2.0	10.0	24.0	0.0	16.0	7.0	10.0	12.0	31.0	2.0	10.0	3.0	7.0	2.0	0.0	1.0	6.0	27.0	49.0	8.0	6.0	11.0	9.0	17.0	1.0	1.0	26.0	7.0	22.0	15.0	D_0__Bacteria; D_1__Cyanobacteria; D_2__Chloroplast
New.ReferenceOTU219___Halobacteria	5.0	18.0	2.0	2.0	0.0	3.0	8.0	2.0	3.0	3.0	2.0	1.0	13.0	0.0	0.0	8.0	1.0	8.0	4.0	16.0	0.0	14.0	3.0	1.0	3.0	7.0	28.0	0.0	0.0	8.0	2.0	12.0	1.0	4.0	2.0	2.0	5.0	0.0	4.0	24.0	0.0	2.0	4.0	2.0	7.0	10.0	11.0	10.0	16.0	1.0	1.0	9.0	0.0	3.0	82.0	10.0	1.0	3.0	5.0	3.0	2.0	10.0	4.0	3.0	3.0	2.0	0.0	3.0	D_0__Archaea; D_1__Euryarchaeota; D_2__Halobacteria; D_3__Halobacteriales; D_4__Halobacteriaceae; D_5__Halomicrobium
New.ReferenceOTU298___Halobacteria	1.0	6.0	13.0	4.0	12.0	7.0	1.0	20.0	13.0	0.0	5.0	11.0	1.0	48.0	1.0	0.0	2.0	1.0	4.0	5.0	21.0	2.0	0.0	1.0	4.0	1.0	1.0	2.0	8.0	18.0	11.0	10.0	4.0	2.0	4.0	1.0	26.0	14.0	1.0	3.0	18.0	1.0	0.0	1.0	5.0	0.0	9.0	3.0	3.0	0.0	3.0	2.0	2.0	0.0	0.0	2.0	17.0	1.0	3.0	0.0	0.0	3.0	4.0	0.0	0.0	0.0	0.0	0.0	D_0__Archaea; D_1__Euryarchaeota; D_2__Halobacteria; D_3__Halobacteriales; D_4__Halobacteriaceae; D_5__Natronomonas
New.ReferenceOTU291___Unassigned	1.0	3.0	13.0	4.0	0.0	0.0	1.0	11.0	25.0	0.0	1.0	6.0	1.0	3.0	0.0	0.0	0.0	0.0	4.0	1.0	0.0	0.0	0.0	2.0	3.0	17.0	67.0	0.0	0.0	5.0	0.0	7.0	2.0	2.0	2.0	2.0	22.0	1.0	1.0	1.0	3.0	0.0	0.0	0.0	1.0	3.0	3.0	41.0	3.0	4.0	14.0	22.0	0.0	0.0	2.0	2.0	11.0	2.0	0.0	1.0	1.0	1.0	8.0	1.0	0.0	0.0	0.0	1.0	Unassigned
New.ReferenceOTU290___Unassigned	154.0	0.0	79.0	0.0	9.0	0.0	1.0	9.0	19.0	0.0	65.0	2.0	0.0	1.0	19.0	0.0	7.0	0.0	0.0	0.0	11.0	0.0	0.0	0.0	0.0	18.0	0.0	106.0	0.0	5.0	117.0	11.0	3.0	52.0	0.0	1.0	3.0	38.0	0.0	0.0	23.0	0.0	0.0	0.0	2.0	1.0	57.0	0.0	0.0	2.0	56.0	0.0	0.0	0.0	0.0	0.0	83.0	0.0	0.0	0.0	16.0	0.0	0.0	0.0	0.0	0.0	65.0	0.0	Unassigned
New.ReferenceOTU55___Chloroplast	14.0	2.0	12.0	13.0	4.0	18.0	12.0	9.0	6.0	1.0	4.0	13.0	5.0	70.0	24.0	0.0	41.0	16.0	9.0	11.0	6.0	6.0	0.0	0.0	23.0	38.0	0.0	3.0	0.0	85.0	47.0	23.0	23.0	28.0	30.0	1.0	1.0	14.0	2.0	6.0	28.0	1.0	16.0	3.0	3.0	19.0	22.0	5.0	13.0	1.0	2.0	1.0	0.0	2.0	2.0	19.0	69.0	3.0	2.0	7.0	12.0	16.0	0.0	2.0	30.0	6.0	29.0	16.0	D_0__Bacteria; D_1__Cyanobacteria; D_2__Chloroplast
