# Constructed from biom file
#OTU ID	SG1-BOT-2016-02-8-1	SG1-BOT-2016-02-8-2	SG1-BOT-2016-02-8-3	SG1-BOT-2016-02-9-1	SG1-BOT-2016-02-9-2	SG1-BOT-2016-02-9-3	SG1-BOT-2016-02mt-1	SG1-TOP-2016-02mt-1-2	SG1-TOP-2016-02mt-10-1	SG1-TOP-2016-02mt-13a	SG1-TOP-2016-02mt-13b	SG1-TOP-2016-02mt-17a	SG1-TOP-2016-02mt-17b	SG1-TOP-2016-02mt-1a	SG1-TOP-2016-02mt-1b	SG1-TOP-2016-02mt-2-2	SG1-TOP-2016-02mt-3-1	SG1-TOP-2016-02mt-9b
bdb9bd78f437e0a8a27bd0481047ca19	0.0	0.0	0.0	0.0	0.0	0.0	299.0	397.0	441.0	0.0	761.0	755.0	364.0	0.0	0.0	661.0	625.0	494.0
1eab66e1f56b8afa7dc98dfef2bb5523	236.0	0.0	237.0	0.0	0.0	468.0	0.0	0.0	0.0	0.0	0.0	588.0	308.0	572.0	0.0	664.0	484.0	616.0
226c358f393dc9b5b2bbaa2bad68543c	0.0	0.0	0.0	0.0	0.0	0.0	500.0	774.0	645.0	0.0	777.0	0.0	0.0	0.0	428.0	0.0	0.0	806.0
682c680814253e6f601c60402603e6af	0.0	231.0	0.0	286.0	440.0	0.0	413.0	356.0	628.0	0.0	634.0	0.0	0.0	0.0	623.0	0.0	0.0	0.0
59ecffd3f7098382827153f41320bb85	0.0	308.0	0.0	278.0	317.0	334.0	457.0	111.0	274.0	237.0	429.0	0.0	0.0	239.0	352.0	116.0	0.0	0.0
3ca6a15d3585e0bfa63dbd627902548c	0.0	0.0	0.0	0.0	0.0	0.0	0.0	452.0	599.0	0.0	0.0	331.0	0.0	513.0	0.0	0.0	440.0	529.0
45b38e1d2d6fb887c60259908f8e50ac	296.0	0.0	0.0	0.0	195.0	0.0	0.0	0.0	0.0	0.0	0.0	527.0	0.0	0.0	0.0	653.0	618.0	0.0
e1061af8144d709ec52d4c5224162225	0.0	0.0	0.0	297.0	154.0	0.0	414.0	0.0	237.0	0.0	0.0	186.0	0.0	221.0	364.0	192.0	185.0	0.0
c5d5fe76432ae64dfd6a263e339a6032	205.0	0.0	203.0	0.0	0.0	0.0	0.0	0.0	263.0	399.0	0.0	0.0	0.0	383.0	0.0	362.0	0.0	0.0
a2dee6da4e2f4915fc50fb719bb28169	370.0	0.0	0.0	0.0	0.0	0.0	0.0	172.0	0.0	0.0	428.0	0.0	535.0	0.0	0.0	0.0	0.0	157.0
af420d0b84764ceae00a3641538ece54	0.0	325.0	342.0	0.0	0.0	0.0	0.0	0.0	0.0	294.0	286.0	335.0	0.0	0.0	0.0	0.0	0.0	0.0
2c07437bbf83ceb4067eb73f001682d2	0.0	0.0	0.0	114.0	0.0	152.0	0.0	0.0	328.0	0.0	0.0	0.0	189.0	0.0	385.0	0.0	410.0	0.0
a011048861afde8c0e12338008d3f2cc	0.0	0.0	170.0	0.0	0.0	0.0	321.0	0.0	0.0	0.0	526.0	0.0	0.0	215.0	0.0	345.0	0.0	0.0
d5aef48ae90939a76c8f7c187097ed35	0.0	123.0	0.0	0.0	0.0	0.0	0.0	0.0	266.0	175.0	355.0	402.0	0.0	0.0	0.0	161.0	0.0	0.0
9558d29e0323ae275d65707bd3c5267f	0.0	0.0	0.0	0.0	0.0	0.0	0.0	0.0	0.0	519.0	883.0	0.0	0.0	0.0	0.0	0.0	0.0	0.0
cc25e1293149168452de72f90a08dfea	0.0	0.0	0.0	0.0	0.0	0.0	0.0	168.0	225.0	0.0	0.0	0.0	380.0	0.0	194.0	0.0	0.0	261.0
dada8a89b49d8188747bbbad03a70917	0.0	0.0	0.0	0.0	0.0	0.0	0.0	0.0	0.0	0.0	0.0	0.0	665.0	0.0	0.0	480.0	0.0	0.0
6ce4fa3602649a8065f0369485e802e9	0.0	0.0	0.0	0.0	0.0	0.0	0.0	0.0	0.0	0.0	0.0	0.0	0.0	510.0	0.0	0.0	0.0	628.0
073a3c5ac45a037dc52bc82e49de7245	0.0	0.0	0.0	0.0	0.0	0.0	233.0	0.0	0.0	455.0	308.0	0.0	0.0	0.0	0.0	0.0	0.0	0.0
ae5e18eb32e8f50528bb2c679e143d59	0.0	0.0	179.0	0.0	171.0	342.0	0.0	0.0	133.0	0.0	0.0	0.0	0.0	0.0	0.0	153.0	0.0	0.0
861a8cf0f1ad8c3d5b762bd929150f8e	0.0	0.0	0.0	0.0	0.0	0.0	0.0	0.0	177.0	0.0	328.0	0.0	0.0	224.0	0.0	0.0	0.0	187.0
186ac4746599d15b963538f00f5a1db2	0.0	0.0	0.0	0.0	0.0	0.0	0.0	0.0	0.0	0.0	0.0	0.0	0.0	482.0	356.0	0.0	0.0	0.0
0707e34f720de8df24d3e094abb938b1	0.0	0.0	0.0	0.0	0.0	0.0	0.0	0.0	0.0	708.0	0.0	0.0	0.0	0.0	0.0	0.0	0.0	0.0
9bf456bf292545cd23c344e9c3ef733b	0.0	0.0	0.0	0.0	0.0	0.0	0.0	423.0	0.0	0.0	260.0	0.0	0.0	0.0	0.0	0.0	0.0	0.0
748d9816d976798c226e72ae7c1941e4	0.0	0.0	0.0	0.0	0.0	0.0	0.0	0.0	0.0	0.0	414.0	0.0	0.0	0.0	0.0	0.0	240.0	0.0
788c30ce2376323921553d51547233c6	0.0	189.0	0.0	0.0	0.0	0.0	0.0	0.0	459.0	0.0	0.0	0.0	0.0	0.0	0.0	0.0	0.0	0.0
3a172ef3a2023109ac8eda5aad3646f2	0.0	0.0	0.0	0.0	0.0	0.0	0.0	0.0	0.0	0.0	0.0	624.0	0.0	0.0	0.0	0.0	0.0	0.0
f957880eec802a0a9150c4b7a94cda74	0.0	0.0	0.0	0.0	0.0	0.0	0.0	0.0	0.0	0.0	0.0	213.0	0.0	0.0	0.0	184.0	226.0	0.0
cfbc15130fb0cb020bc4176a682757cc	0.0	0.0	0.0	0.0	0.0	0.0	0.0	0.0	0.0	0.0	325.0	0.0	57.0	0.0	0.0	103.0	0.0	134.0
db9c7fafb58962f55fc3b56c75108b6c	0.0	0.0	0.0	0.0	0.0	277.0	0.0	0.0	263.0	0.0	0.0	0.0	0.0	69.0	0.0	0.0	0.0	0.0
ddcbfa668b9d1a091d8f8c8f318c5489	0.0	106.0	0.0	266.0	233.0	0.0	0.0	0.0	0.0	0.0	0.0	0.0	0.0	0.0	0.0	0.0	0.0	0.0
b6cbe880400818af9829a92c34b65e7e	77.0	0.0	0.0	0.0	0.0	455.0	0.0	0.0	0.0	0.0	0.0	0.0	0.0	0.0	0.0	0.0	0.0	0.0
0b47d229031891e2bccfb256c330b496	0.0	0.0	0.0	0.0	0.0	0.0	0.0	0.0	0.0	0.0	0.0	0.0	198.0	332.0	0.0	0.0	0.0	0.0
f3b45b3c517d31ab96ec2972962f0fd4	0.0	0.0	0.0	206.0	0.0	0.0	0.0	0.0	0.0	0.0	0.0	0.0	0.0	118.0	0.0	0.0	199.0	0.0
e854b679fb2913a10288ca8a75096225	0.0	0.0	0.0	0.0	394.0	117.0	0.0	0.0	0.0	0.0	0.0	0.0	0.0	0.0	0.0	0.0	0.0	0.0
ff924de36ef1824c3d0dea437e214d0e	0.0	0.0	163.0	0.0	161.0	0.0	0.0	177.0	0.0	0.0	0.0	0.0	0.0	0.0	0.0	0.0	0.0	0.0
bd34dc98391d78c92d8197c33667fa89	0.0	0.0	0.0	0.0	0.0	0.0	0.0	0.0	0.0	0.0	180.0	0.0	0.0	0.0	300.0	0.0	0.0	0.0
529be55b7711296febea1c1933d64fec	0.0	0.0	0.0	0.0	0.0	0.0	179.0	148.0	0.0	0.0	0.0	0.0	0.0	0.0	0.0	0.0	0.0	152.0
18c7692d1660875245c536de38507aef	0.0	0.0	0.0	0.0	0.0	0.0	0.0	0.0	0.0	184.0	0.0	0.0	0.0	0.0	0.0	273.0	0.0	0.0
585f851b9df89da0f09f01f559a9757b	0.0	0.0	0.0	0.0	0.0	0.0	0.0	0.0	218.0	0.0	141.0	0.0	94.0	0.0	0.0	0.0	0.0	0.0
4747792af33553f9dff81422e98fda2b	0.0	0.0	0.0	0.0	0.0	163.0	0.0	0.0	0.0	0.0	0.0	0.0	265.0	0.0	0.0	0.0	0.0	0.0
afb009cbcf2f318f81496808846d553c	0.0	0.0	0.0	0.0	0.0	420.0	0.0	0.0	0.0	0.0	0.0	0.0	0.0	0.0	0.0	0.0	0.0	0.0
f8687e6099ac55d69b1c7630b1079df6	0.0	0.0	0.0	0.0	0.0	0.0	0.0	0.0	0.0	0.0	0.0	0.0	0.0	0.0	0.0	0.0	0.0	391.0
d1522a363382e0c0a6b5fcfd6fec2fe9	0.0	0.0	0.0	0.0	0.0	0.0	390.0	0.0	0.0	0.0	0.0	0.0	0.0	0.0	0.0	0.0	0.0	0.0
48371b631539b0666aaf1847a897a291	0.0	0.0	0.0	0.0	0.0	0.0	0.0	0.0	0.0	0.0	0.0	0.0	0.0	0.0	0.0	0.0	368.0	0.0
1517c0ee2192cd33d8e75baf65d8eed6	0.0	0.0	0.0	0.0	0.0	0.0	0.0	0.0	43.0	0.0	0.0	314.0	0.0	0.0	0.0	0.0	0.0	0.0
83a44babbfc85d95f45ce8458a8e644d	0.0	0.0	354.0	0.0	0.0	0.0	0.0	0.0	0.0	0.0	0.0	0.0	0.0	0.0	0.0	0.0	0.0	0.0
df6280631c1163f21ac518a764bee8ad	0.0	0.0	0.0	0.0	0.0	0.0	0.0	0.0	349.0	0.0	0.0	0.0	0.0	0.0	0.0	0.0	0.0	0.0
068060faa9917f1fec51b89c2380c55c	0.0	0.0	0.0	0.0	0.0	0.0	0.0	0.0	0.0	0.0	256.0	91.0	0.0	0.0	0.0	0.0	0.0	0.0
d02715503ed43f5216ff279e68a59f61	0.0	0.0	0.0	0.0	0.0	0.0	0.0	0.0	0.0	0.0	0.0	60.0	0.0	0.0	0.0	0.0	0.0	276.0
a9e3208f65eb753832ece52c2dfd00f8	0.0	0.0	0.0	0.0	0.0	0.0	91.0	24.0	28.0	0.0	190.0	0.0	0.0	0.0	0.0	0.0	0.0	0.0
56c49b1821065f24d59a0f3c79f24c73	0.0	0.0	0.0	0.0	105.0	0.0	0.0	0.0	0.0	0.0	89.0	0.0	0.0	0.0	63.0	75.0	0.0	0.0
1d3dd1dd6f9427678e68b30e510dbfb6	0.0	0.0	0.0	0.0	0.0	0.0	0.0	0.0	0.0	0.0	0.0	188.0	0.0	142.0	0.0	0.0	0.0	0.0
f52fb5fff1536285892571a224dc6fce	0.0	54.0	0.0	0.0	0.0	0.0	0.0	0.0	0.0	0.0	0.0	60.0	0.0	0.0	0.0	0.0	212.0	0.0
048b875dbe08cba654dd0445735b8bbf	0.0	0.0	0.0	0.0	0.0	0.0	0.0	0.0	324.0	0.0	0.0	0.0	0.0	0.0	0.0	0.0	0.0	0.0
ee71bf6fe61fb9208e23dc548ad57906	0.0	0.0	0.0	0.0	0.0	0.0	0.0	0.0	0.0	0.0	0.0	0.0	0.0	0.0	322.0	0.0	0.0	0.0
26a85c3d799e6ae29837611516657f88	0.0	0.0	0.0	0.0	0.0	0.0	0.0	0.0	0.0	0.0	0.0	0.0	0.0	0.0	321.0	0.0	0.0	0.0
6659d96db02229619fb6fd787e74040f	0.0	0.0	0.0	0.0	0.0	0.0	0.0	0.0	0.0	313.0	0.0	0.0	0.0	0.0	0.0	0.0	0.0	0.0
4c32b08a9d91ab3abff3c5c8ebb5e0c0	104.0	0.0	97.0	0.0	110.0	0.0	0.0	0.0	0.0	0.0	0.0	0.0	0.0	0.0	0.0	0.0	0.0	0.0
c5b510829e5fe45370edbc9a8cbbbbfa	0.0	0.0	0.0	0.0	0.0	0.0	0.0	0.0	0.0	0.0	0.0	0.0	0.0	0.0	0.0	0.0	309.0	0.0
ec5659a9639465a8f0fce1a5d4d0cd7c	141.0	0.0	0.0	161.0	0.0	0.0	0.0	0.0	0.0	0.0	0.0	0.0	0.0	0.0	0.0	0.0	0.0	0.0
3b5415bdcd675ab2032f799c3f42fb45	0.0	0.0	0.0	0.0	0.0	0.0	0.0	65.0	0.0	0.0	0.0	0.0	0.0	114.0	0.0	121.0	0.0	0.0
5c1359f91c0e60933ebfb0c4908bb5a7	0.0	0.0	0.0	0.0	0.0	0.0	0.0	0.0	0.0	0.0	0.0	152.0	0.0	0.0	0.0	0.0	145.0	0.0
0bf67a262f151bc44036cedfb0facd48	0.0	0.0	0.0	0.0	0.0	0.0	158.0	0.0	0.0	0.0	0.0	0.0	135.0	0.0	0.0	0.0	0.0	0.0
6ff6896b11fcdd8f886e0d63c19788bc	0.0	0.0	0.0	0.0	0.0	0.0	0.0	0.0	0.0	0.0	0.0	288.0	0.0	0.0	0.0	0.0	0.0	0.0
f319c3c873816668ad04990ba6e6dcaa	0.0	0.0	0.0	0.0	0.0	0.0	0.0	0.0	103.0	0.0	125.0	0.0	0.0	0.0	0.0	56.0	0.0	0.0
465e1d4cfbe030f50df10c7d4dfa94ee	0.0	0.0	0.0	0.0	0.0	0.0	0.0	211.0	0.0	0.0	0.0	0.0	0.0	67.0	0.0	0.0	0.0	0.0
07d24847c45656d319ba4cda7319c806	0.0	0.0	0.0	0.0	0.0	0.0	0.0	0.0	0.0	0.0	276.0	0.0	0.0	0.0	0.0	0.0	0.0	0.0
9c7cccb88ebfb814b740cc7fa9489e25	0.0	0.0	0.0	0.0	0.0	0.0	0.0	0.0	0.0	0.0	0.0	0.0	0.0	0.0	0.0	0.0	0.0	274.0
6fba4dcd080fee47e36480aa7e87f3ce	0.0	0.0	0.0	0.0	0.0	0.0	0.0	0.0	0.0	0.0	0.0	98.0	0.0	0.0	0.0	0.0	0.0	168.0
59796a02cb824c8f86f40a58263c43bc	0.0	0.0	0.0	0.0	0.0	0.0	0.0	49.0	0.0	0.0	71.0	0.0	0.0	0.0	0.0	0.0	143.0	0.0
4a1e40864a32e20ee1a85d7252ef2e57	0.0	0.0	0.0	0.0	0.0	0.0	0.0	0.0	0.0	0.0	0.0	0.0	0.0	0.0	0.0	0.0	0.0	261.0
34bac907899be6847bac1b858d224480	0.0	0.0	0.0	0.0	0.0	0.0	0.0	0.0	0.0	0.0	0.0	0.0	0.0	0.0	0.0	0.0	0.0	261.0
c4f3cef6221d1480c834de1415e318b6	0.0	0.0	0.0	0.0	0.0	0.0	0.0	0.0	0.0	0.0	104.0	0.0	0.0	0.0	0.0	0.0	155.0	0.0
88e11afc4594246c8addd60b41734d68	0.0	0.0	97.0	0.0	0.0	0.0	161.0	0.0	0.0	0.0	0.0	0.0	0.0	0.0	0.0	0.0	0.0	0.0
f71245fb779431e86274b50dc5ec26f7	0.0	0.0	0.0	0.0	0.0	0.0	257.0	0.0	0.0	0.0	0.0	0.0	0.0	0.0	0.0	0.0	0.0	0.0
11cc1369e71a9cd445365c71101e71b6	0.0	0.0	0.0	0.0	0.0	0.0	0.0	0.0	0.0	0.0	0.0	146.0	0.0	109.0	0.0	0.0	0.0	0.0
f9c74a7eb97819f3405a23eb7b8234c7	0.0	0.0	0.0	0.0	0.0	0.0	0.0	0.0	0.0	0.0	0.0	0.0	0.0	0.0	0.0	0.0	0.0	254.0
294a5c41f5122bb5ab4044c6d8774a79	0.0	0.0	0.0	0.0	0.0	0.0	0.0	0.0	0.0	0.0	0.0	253.0	0.0	0.0	0.0	0.0	0.0	0.0
5289ef5d0993d369b042826cfab71ef5	0.0	0.0	0.0	0.0	0.0	0.0	0.0	0.0	0.0	0.0	0.0	0.0	74.0	0.0	142.0	0.0	0.0	35.0
858b14e39a0db23ab07a5b14d1972458	0.0	0.0	0.0	0.0	0.0	0.0	0.0	0.0	91.0	0.0	158.0	0.0	0.0	0.0	0.0	0.0	0.0	0.0
314e604d7415aea734423e1e0c6d896c	0.0	0.0	0.0	0.0	0.0	0.0	0.0	0.0	0.0	0.0	0.0	249.0	0.0	0.0	0.0	0.0	0.0	0.0
3c27680d49338bc47ff9c652d799271d	0.0	0.0	0.0	0.0	0.0	0.0	0.0	0.0	0.0	0.0	0.0	0.0	0.0	0.0	0.0	0.0	0.0	247.0
8a71bb210c578deb015b42ed5860dfbd	0.0	0.0	0.0	0.0	0.0	0.0	0.0	244.0	0.0	0.0	0.0	0.0	0.0	0.0	0.0	0.0	0.0	0.0
4bbca730f5b0f6ef9b689c80b2e7c65d	0.0	0.0	0.0	0.0	0.0	0.0	0.0	0.0	0.0	0.0	0.0	0.0	0.0	0.0	0.0	0.0	0.0	243.0
732aa0859e258f1d6e5e8011612c8c36	0.0	0.0	0.0	0.0	0.0	0.0	0.0	0.0	0.0	0.0	0.0	0.0	0.0	0.0	0.0	0.0	0.0	235.0
a9dce7977c1bfad4ae9848ac6cb515b0	0.0	0.0	0.0	0.0	0.0	0.0	0.0	0.0	0.0	0.0	0.0	0.0	0.0	0.0	0.0	233.0	0.0	0.0
fdfdb1d78f5a21cded780996fa25d94c	0.0	0.0	0.0	226.0	0.0	0.0	0.0	0.0	0.0	0.0	0.0	0.0	0.0	0.0	0.0	0.0	0.0	0.0
ea5fe336246cb30f94f2f9a9a2431f77	0.0	0.0	0.0	0.0	0.0	0.0	223.0	0.0	0.0	0.0	0.0	0.0	0.0	0.0	0.0	0.0	0.0	0.0
16e0334d7e1a394dc11d8f43fb211e86	0.0	0.0	0.0	0.0	0.0	0.0	0.0	0.0	0.0	0.0	146.0	0.0	0.0	0.0	77.0	0.0	0.0	0.0
32fa1c6a854b6d4da98e36e34cbeb52f	0.0	0.0	0.0	0.0	0.0	0.0	0.0	0.0	0.0	0.0	0.0	0.0	0.0	0.0	0.0	0.0	0.0	220.0
035d1ed29e324083172c950c3cdbc7f8	0.0	0.0	0.0	0.0	0.0	0.0	0.0	0.0	0.0	0.0	0.0	0.0	0.0	218.0	0.0	0.0	0.0	0.0
338b4917a8f61b63886421ab8a27b646	0.0	0.0	0.0	0.0	0.0	0.0	0.0	0.0	0.0	0.0	0.0	217.0	0.0	0.0	0.0	0.0	0.0	0.0
d5926d22f884e940f2c91108348c8936	0.0	0.0	0.0	0.0	0.0	0.0	0.0	214.0	0.0	0.0	0.0	0.0	0.0	0.0	0.0	0.0	0.0	0.0
bbf27d41083db46a8f83ea5b57ff0ef3	21.0	0.0	190.0	0.0	0.0	0.0	0.0	0.0	0.0	0.0	0.0	0.0	0.0	0.0	0.0	0.0	0.0	0.0
00fecda9f1a701219b89de0ab595ae31	0.0	0.0	0.0	0.0	0.0	0.0	74.0	0.0	0.0	0.0	0.0	0.0	0.0	92.0	0.0	44.0	0.0	0.0
c898de7234937d7f1936ca72303180c8	0.0	0.0	0.0	0.0	0.0	0.0	0.0	0.0	0.0	0.0	0.0	0.0	0.0	210.0	0.0	0.0	0.0	0.0
e565e062068bb5086874742be92e7fa5	0.0	0.0	0.0	0.0	0.0	0.0	0.0	0.0	0.0	0.0	0.0	0.0	0.0	0.0	0.0	0.0	209.0	0.0
431567af2aa9215fb0b9307b41f03fb5	0.0	205.0	0.0	0.0	0.0	0.0	0.0	0.0	0.0	0.0	0.0	0.0	0.0	0.0	0.0	0.0	0.0	0.0
e50fe507206fc5d1b4cfd9f5d53355c2	0.0	0.0	0.0	0.0	0.0	0.0	0.0	0.0	106.0	0.0	0.0	0.0	0.0	0.0	96.0	0.0	0.0	0.0
d3388cf7d8c6a4114cf3a6323451ca7f	0.0	0.0	200.0	0.0	0.0	0.0	0.0	0.0	0.0	0.0	0.0	0.0	0.0	0.0	0.0	0.0	0.0	0.0
cb90b6fc661363da97a914a14744046a	0.0	0.0	0.0	0.0	131.0	0.0	0.0	0.0	0.0	69.0	0.0	0.0	0.0	0.0	0.0	0.0	0.0	0.0
1b07ab62de92b8d1732199eff6240ae0	63.0	0.0	0.0	0.0	0.0	0.0	0.0	0.0	0.0	0.0	0.0	102.0	34.0	0.0	0.0	0.0	0.0	0.0
06b91667715dec83bde017fe2eded4fb	0.0	0.0	0.0	0.0	0.0	0.0	0.0	0.0	0.0	0.0	0.0	0.0	0.0	199.0	0.0	0.0	0.0	0.0
9375ed6be3cce5d3372ed5743580f50d	38.0	0.0	0.0	0.0	51.0	0.0	0.0	0.0	0.0	0.0	0.0	0.0	0.0	0.0	0.0	109.0	0.0	0.0
d8fef6a73390b39c563c290eb3a973c7	0.0	0.0	0.0	0.0	0.0	0.0	0.0	0.0	0.0	0.0	0.0	0.0	0.0	196.0	0.0	0.0	0.0	0.0
380426da64232a20303b9ec25206c44e	0.0	0.0	0.0	0.0	0.0	0.0	0.0	0.0	0.0	0.0	195.0	0.0	0.0	0.0	0.0	0.0	0.0	0.0
831bbf16f841746f979f9da0ea8bca2d	0.0	0.0	0.0	0.0	0.0	0.0	0.0	0.0	0.0	0.0	0.0	0.0	0.0	195.0	0.0	0.0	0.0	0.0
efca07d55a20810f3ad285dc2c1aa0d2	0.0	0.0	0.0	0.0	0.0	0.0	125.0	0.0	0.0	0.0	69.0	0.0	0.0	0.0	0.0	0.0	0.0	0.0
660a1090fd72d89dcff5377ee6b560fb	0.0	0.0	0.0	0.0	0.0	0.0	0.0	0.0	100.0	0.0	0.0	94.0	0.0	0.0	0.0	0.0	0.0	0.0
272557de3ffa7ccf2480c00b3caba57c	0.0	0.0	0.0	0.0	0.0	0.0	0.0	0.0	190.0	0.0	0.0	0.0	0.0	0.0	0.0	0.0	0.0	0.0
c16f4c8dfeab40b1d863833cdc988677	0.0	30.0	36.0	0.0	0.0	0.0	22.0	0.0	43.0	0.0	57.0	0.0	0.0	0.0	0.0	0.0	0.0	0.0
baafca9db80c31658a8afa770ede4502	0.0	0.0	0.0	0.0	0.0	0.0	0.0	0.0	0.0	89.0	99.0	0.0	0.0	0.0	0.0	0.0	0.0	0.0
692c28eb11e38e5513aa6975905f9f7c	0.0	0.0	0.0	0.0	0.0	0.0	0.0	0.0	0.0	0.0	0.0	0.0	0.0	0.0	187.0	0.0	0.0	0.0
abe2a75ae5355b6210f8065e08a8b54a	0.0	0.0	0.0	0.0	0.0	0.0	0.0	0.0	0.0	0.0	185.0	0.0	0.0	0.0	0.0	0.0	0.0	0.0
f544dfbc46fbf45f1cf3b49b4be6276c	0.0	0.0	0.0	0.0	0.0	146.0	0.0	0.0	0.0	38.0	0.0	0.0	0.0	0.0	0.0	0.0	0.0	0.0
db6484b7831740100e223fa1fdb837a3	0.0	0.0	0.0	0.0	0.0	0.0	0.0	0.0	183.0	0.0	0.0	0.0	0.0	0.0	0.0	0.0	0.0	0.0
49f19849831d38d376541cfca4acdd5d	0.0	0.0	48.0	0.0	0.0	0.0	0.0	27.0	107.0	0.0	0.0	0.0	0.0	0.0	0.0	0.0	0.0	0.0
b9606eb707db0919edd0202e1cdcfde9	0.0	0.0	0.0	0.0	0.0	0.0	0.0	0.0	0.0	0.0	0.0	0.0	0.0	0.0	0.0	0.0	0.0	181.0
4d7b13ca7e81c4931c0d2be1975813df	0.0	0.0	0.0	0.0	0.0	0.0	0.0	0.0	0.0	0.0	0.0	0.0	0.0	0.0	0.0	0.0	0.0	180.0
c087ae50a428d6d858c47373bc9eaf8d	0.0	0.0	0.0	0.0	0.0	0.0	0.0	0.0	0.0	0.0	102.0	0.0	75.0	0.0	0.0	0.0	0.0	0.0
78406a3dc7754e54dcea1df839aa953d	0.0	0.0	0.0	0.0	0.0	0.0	0.0	0.0	0.0	175.0	0.0	0.0	0.0	0.0	0.0	0.0	0.0	0.0
0403d7710d91ea2bd82376987634d8d2	0.0	0.0	0.0	0.0	0.0	174.0	0.0	0.0	0.0	0.0	0.0	0.0	0.0	0.0	0.0	0.0	0.0	0.0
574dbea3d12ca41586f6be0c970158a6	0.0	0.0	0.0	0.0	0.0	0.0	0.0	0.0	0.0	0.0	0.0	0.0	0.0	0.0	0.0	0.0	172.0	0.0
3346dfd04b2aaf5a8d7dbb86b55917ad	0.0	0.0	0.0	0.0	0.0	0.0	0.0	0.0	171.0	0.0	0.0	0.0	0.0	0.0	0.0	0.0	0.0	0.0
d5ce6663daf6cf9c7b339fcc68fc4fc4	0.0	0.0	0.0	0.0	0.0	0.0	0.0	0.0	0.0	0.0	169.0	0.0	0.0	0.0	0.0	0.0	0.0	0.0
b03195663015a811c9a4740d1ef48e18	0.0	0.0	0.0	0.0	0.0	31.0	0.0	0.0	0.0	0.0	137.0	0.0	0.0	0.0	0.0	0.0	0.0	0.0
160c08152251b4fe3d8ae22a895cc561	0.0	0.0	0.0	0.0	0.0	0.0	0.0	0.0	0.0	167.0	0.0	0.0	0.0	0.0	0.0	0.0	0.0	0.0
b4762808110c8d7c03d30e51343f4797	0.0	0.0	0.0	0.0	166.0	0.0	0.0	0.0	0.0	0.0	0.0	0.0	0.0	0.0	0.0	0.0	0.0	0.0
9409c55f3878e5c852226fed58860d7c	0.0	0.0	0.0	0.0	0.0	0.0	0.0	0.0	166.0	0.0	0.0	0.0	0.0	0.0	0.0	0.0	0.0	0.0
c6b1d92c0717e81f5f269cea032f3b21	0.0	0.0	0.0	0.0	0.0	0.0	0.0	0.0	0.0	0.0	0.0	0.0	0.0	0.0	164.0	0.0	0.0	0.0
04bd6976e875d95050d454156c963ba0	0.0	0.0	0.0	0.0	0.0	0.0	0.0	0.0	0.0	0.0	161.0	0.0	0.0	0.0	0.0	0.0	0.0	0.0
10fc184a9f878684fc9c7978e8cd2e89	0.0	0.0	0.0	0.0	0.0	0.0	0.0	0.0	0.0	0.0	0.0	0.0	0.0	0.0	0.0	0.0	159.0	0.0
23605ba782620864685e879d3edd7b16	0.0	0.0	0.0	0.0	0.0	0.0	0.0	0.0	154.0	0.0	0.0	0.0	0.0	0.0	0.0	0.0	0.0	0.0
28c7495a05a27f95a53b76a88e5b1a7e	0.0	0.0	0.0	0.0	0.0	152.0	0.0	0.0	0.0	0.0	0.0	0.0	0.0	0.0	0.0	0.0	0.0	0.0
136cef6613c8f0d63429ec1cc744ee3a	48.0	0.0	0.0	0.0	0.0	0.0	0.0	0.0	0.0	0.0	0.0	0.0	0.0	103.0	0.0	0.0	0.0	0.0
152bfa9bb718b2a293bfc93a5f224f8c	0.0	151.0	0.0	0.0	0.0	0.0	0.0	0.0	0.0	0.0	0.0	0.0	0.0	0.0	0.0	0.0	0.0	0.0
88883afc38b56c1f26442c432646b017	0.0	0.0	0.0	0.0	0.0	0.0	0.0	0.0	0.0	0.0	0.0	148.0	0.0	0.0	0.0	0.0	0.0	0.0
9aa056341fc63358d7a501173f179469	0.0	0.0	0.0	0.0	0.0	0.0	0.0	0.0	0.0	0.0	0.0	0.0	0.0	0.0	0.0	0.0	148.0	0.0
7360f25a79bd899ed533e27f9ae5f509	0.0	0.0	0.0	0.0	0.0	0.0	0.0	147.0	0.0	0.0	0.0	0.0	0.0	0.0	0.0	0.0	0.0	0.0
b9f4f9bd4e3f9ded21936e8ab348c218	0.0	0.0	0.0	0.0	0.0	0.0	0.0	0.0	0.0	0.0	0.0	0.0	0.0	147.0	0.0	0.0	0.0	0.0
34100583a1c32e7f0c1c2e6fa99ac473	0.0	0.0	0.0	0.0	0.0	0.0	0.0	0.0	0.0	0.0	0.0	0.0	0.0	146.0	0.0	0.0	0.0	0.0
3685013d67e8be2ae85ffd9f0c532377	0.0	0.0	145.0	0.0	0.0	0.0	0.0	0.0	0.0	0.0	0.0	0.0	0.0	0.0	0.0	0.0	0.0	0.0
271bfdc5697137a568396339203a7de8	0.0	0.0	0.0	0.0	0.0	0.0	0.0	0.0	0.0	0.0	0.0	0.0	0.0	0.0	0.0	144.0	0.0	0.0
d5a437a50278ef18fd67db215af4228a	0.0	0.0	0.0	0.0	0.0	0.0	0.0	0.0	0.0	99.0	0.0	0.0	0.0	0.0	0.0	0.0	0.0	44.0
84f4183f24d39a6dcf873a097bb22ce1	0.0	0.0	0.0	0.0	0.0	0.0	0.0	0.0	0.0	0.0	92.0	0.0	0.0	0.0	0.0	0.0	51.0	0.0
68b393150d608f5bf0f23940dbae6803	0.0	0.0	0.0	0.0	0.0	0.0	0.0	0.0	0.0	0.0	0.0	142.0	0.0	0.0	0.0	0.0	0.0	0.0
c0fc994946156e4f341727d14173c576	0.0	0.0	0.0	0.0	0.0	0.0	0.0	0.0	0.0	0.0	0.0	0.0	0.0	0.0	0.0	0.0	0.0	139.0
2d8d63ca128f885dd23e89ed6052c3bb	0.0	0.0	0.0	0.0	0.0	0.0	0.0	0.0	0.0	0.0	0.0	0.0	0.0	138.0	0.0	0.0	0.0	0.0
ab0f9c4e21409fba774282035a8a75f4	0.0	0.0	0.0	0.0	0.0	0.0	0.0	0.0	0.0	0.0	0.0	136.0	0.0	0.0	0.0	0.0	0.0	0.0
0ecb8250521d61f3d1f4f278080847c0	0.0	0.0	0.0	0.0	0.0	0.0	0.0	0.0	0.0	0.0	0.0	0.0	136.0	0.0	0.0	0.0	0.0	0.0
0234a00395c5c4f18826ffb445243f25	0.0	0.0	0.0	0.0	0.0	0.0	0.0	0.0	0.0	0.0	0.0	0.0	0.0	136.0	0.0	0.0	0.0	0.0
a5ff254a425554dc7736112e11b59ec5	0.0	0.0	0.0	0.0	0.0	0.0	0.0	0.0	0.0	0.0	0.0	0.0	0.0	0.0	0.0	0.0	136.0	0.0
c697ab1660e43ad95ee0a6734da6e671	0.0	0.0	0.0	0.0	0.0	0.0	0.0	0.0	0.0	0.0	0.0	0.0	0.0	0.0	0.0	0.0	136.0	0.0
bb853b6e56fac7767610e1cdcbd0c0a2	0.0	0.0	0.0	0.0	0.0	0.0	0.0	0.0	0.0	0.0	0.0	0.0	0.0	0.0	135.0	0.0	0.0	0.0
8ea7414ac3bbffe0367dd3e6ead128ef	0.0	0.0	0.0	0.0	0.0	0.0	0.0	0.0	0.0	0.0	0.0	37.0	0.0	0.0	0.0	0.0	54.0	41.0
57b32a1c06f6be08688519ade4f2a40c	0.0	0.0	0.0	0.0	0.0	0.0	0.0	0.0	86.0	45.0	0.0	0.0	0.0	0.0	0.0	0.0	0.0	0.0
f3182f6050d8bc2b3e91cda9107bfe0f	0.0	0.0	0.0	0.0	0.0	0.0	0.0	0.0	0.0	40.0	0.0	0.0	61.0	0.0	0.0	0.0	0.0	30.0
9dfa488ec84936be35662cf89995f72c	0.0	0.0	0.0	0.0	0.0	0.0	0.0	0.0	0.0	0.0	131.0	0.0	0.0	0.0	0.0	0.0	0.0	0.0
1e6ea21e4372deda93746a6a7729fdad	0.0	0.0	0.0	0.0	0.0	0.0	0.0	0.0	130.0	0.0	0.0	0.0	0.0	0.0	0.0	0.0	0.0	0.0
33774bd0fbff94c04e7fbc70e77c0b13	0.0	0.0	0.0	0.0	0.0	0.0	0.0	0.0	0.0	130.0	0.0	0.0	0.0	0.0	0.0	0.0	0.0	0.0
3c6cd309c7c1cbd556f19a9d420e1ff6	0.0	0.0	0.0	0.0	0.0	0.0	0.0	0.0	0.0	0.0	0.0	0.0	130.0	0.0	0.0	0.0	0.0	0.0
b316d2bc641c394bb204df2733fa2f31	0.0	0.0	0.0	0.0	0.0	0.0	0.0	0.0	0.0	0.0	0.0	0.0	0.0	0.0	0.0	0.0	129.0	0.0
ac86654aa6c86de74acbd74bbba0a0a9	0.0	0.0	0.0	0.0	0.0	0.0	0.0	127.0	0.0	0.0	0.0	0.0	0.0	0.0	0.0	0.0	0.0	0.0
356f67a0fddb775c84656ee6c0489be8	0.0	0.0	0.0	0.0	0.0	0.0	0.0	0.0	0.0	0.0	0.0	0.0	126.0	0.0	0.0	0.0	0.0	0.0
ef495c5217ba303ab6d3f8959be6b01c	0.0	0.0	0.0	0.0	0.0	0.0	0.0	0.0	0.0	0.0	0.0	0.0	39.0	86.0	0.0	0.0	0.0	0.0
cbc1d49fd7a75f3143af98e5589a9756	0.0	0.0	0.0	30.0	0.0	0.0	0.0	0.0	0.0	0.0	0.0	0.0	0.0	94.0	0.0	0.0	0.0	0.0
5fd50d6ec1b45b0768363617c8a5f479	0.0	0.0	0.0	0.0	0.0	0.0	120.0	0.0	0.0	0.0	0.0	0.0	0.0	0.0	0.0	0.0	0.0	0.0
441ad10f31a4cf43bce1526c278de2e0	0.0	0.0	0.0	0.0	0.0	0.0	0.0	0.0	0.0	0.0	0.0	0.0	0.0	0.0	0.0	0.0	120.0	0.0
d0fa5afc3ca7213d7f44a66b63258bde	0.0	0.0	0.0	119.0	0.0	0.0	0.0	0.0	0.0	0.0	0.0	0.0	0.0	0.0	0.0	0.0	0.0	0.0
c2685f717e4dd8ecdb0edb5a68fef924	0.0	0.0	0.0	0.0	0.0	0.0	0.0	0.0	0.0	0.0	0.0	0.0	0.0	119.0	0.0	0.0	0.0	0.0
2d4d1d9cb869d77a5fd6f5b28b466ccb	0.0	0.0	0.0	0.0	0.0	0.0	0.0	0.0	0.0	0.0	0.0	0.0	0.0	0.0	0.0	119.0	0.0	0.0
d05a590a27ce15b2587842cb080aaf4e	118.0	0.0	0.0	0.0	0.0	0.0	0.0	0.0	0.0	0.0	0.0	0.0	0.0	0.0	0.0	0.0	0.0	0.0
43997ec97217651e56e9338542012262	0.0	0.0	0.0	0.0	117.0	0.0	0.0	0.0	0.0	0.0	0.0	0.0	0.0	0.0	0.0	0.0	0.0	0.0
4f1b44f69f048bf3f5b3794146972ab6	0.0	0.0	0.0	0.0	0.0	0.0	0.0	0.0	0.0	0.0	80.0	0.0	0.0	0.0	37.0	0.0	0.0	0.0
34c9b9faa97ab940ec074345c2e430cc	0.0	0.0	0.0	0.0	0.0	0.0	0.0	116.0	0.0	0.0	0.0	0.0	0.0	0.0	0.0	0.0	0.0	0.0
145c36b985f51b655c56894ef713f639	0.0	115.0	0.0	0.0	0.0	0.0	0.0	0.0	0.0	0.0	0.0	0.0	0.0	0.0	0.0	0.0	0.0	0.0
0c9c5fa6d851f4456f99fe054527936d	0.0	0.0	0.0	0.0	0.0	0.0	0.0	0.0	0.0	115.0	0.0	0.0	0.0	0.0	0.0	0.0	0.0	0.0
b68cbefab08be09bceb89fa202062c85	114.0	0.0	0.0	0.0	0.0	0.0	0.0	0.0	0.0	0.0	0.0	0.0	0.0	0.0	0.0	0.0	0.0	0.0
5a1ffa05499bf0d1600bce56b5110599	0.0	0.0	0.0	0.0	0.0	114.0	0.0	0.0	0.0	0.0	0.0	0.0	0.0	0.0	0.0	0.0	0.0	0.0
bff328abf7d5d06838e6eeb26cb37af2	0.0	0.0	0.0	0.0	0.0	0.0	0.0	0.0	0.0	0.0	79.0	0.0	0.0	0.0	0.0	0.0	0.0	35.0
555ffb893d18d7b02f6963b574c69c7f	0.0	0.0	0.0	0.0	0.0	68.0	0.0	0.0	0.0	0.0	0.0	0.0	45.0	0.0	0.0	0.0	0.0	0.0
b48ad553bad3b0807068f43ffb372c8f	0.0	0.0	0.0	0.0	0.0	0.0	0.0	0.0	0.0	0.0	0.0	0.0	0.0	0.0	0.0	113.0	0.0	0.0
0ebd6421237f94ad9d1a9e417c3dc866	0.0	0.0	0.0	112.0	0.0	0.0	0.0	0.0	0.0	0.0	0.0	0.0	0.0	0.0	0.0	0.0	0.0	0.0
a7c06eddf713fca3e3302ffdb8cd7928	0.0	0.0	0.0	0.0	0.0	0.0	0.0	0.0	0.0	0.0	111.0	0.0	0.0	0.0	0.0	0.0	0.0	0.0
95349af074c7504bc7d2a9675cd36ccd	0.0	0.0	0.0	0.0	0.0	0.0	0.0	0.0	0.0	0.0	0.0	0.0	0.0	0.0	0.0	111.0	0.0	0.0
9d9dbf1778ee19cd51976342b01254e3	0.0	0.0	0.0	0.0	0.0	0.0	0.0	0.0	0.0	0.0	0.0	0.0	0.0	0.0	0.0	111.0	0.0	0.0
c8c95aff1adebb03cd0614048e7d37c5	0.0	0.0	0.0	110.0	0.0	0.0	0.0	0.0	0.0	0.0	0.0	0.0	0.0	0.0	0.0	0.0	0.0	0.0
9ffc45969ff9b8dab8b938cb40b9ceaf	0.0	0.0	45.0	0.0	0.0	0.0	0.0	0.0	0.0	0.0	0.0	0.0	0.0	0.0	0.0	0.0	64.0	0.0
0ddf5e69c1c8eb84cad151b313057591	0.0	0.0	0.0	0.0	0.0	109.0	0.0	0.0	0.0	0.0	0.0	0.0	0.0	0.0	0.0	0.0	0.0	0.0
830b557cba09aa08f9f13f26598d2a68	0.0	0.0	0.0	0.0	0.0	0.0	0.0	109.0	0.0	0.0	0.0	0.0	0.0	0.0	0.0	0.0	0.0	0.0
fa8091b5658162bb0702cf9ff2756d07	0.0	0.0	0.0	0.0	0.0	0.0	0.0	0.0	0.0	0.0	0.0	0.0	108.0	0.0	0.0	0.0	0.0	0.0
067cc6ff118e3cb6499df454dd7678bc	0.0	0.0	0.0	0.0	0.0	0.0	0.0	0.0	0.0	0.0	0.0	0.0	0.0	0.0	0.0	0.0	107.0	0.0
ce23264729f855e5377baca89d81c92d	0.0	0.0	0.0	0.0	0.0	0.0	0.0	0.0	0.0	106.0	0.0	0.0	0.0	0.0	0.0	0.0	0.0	0.0
92145e483e13fd12d359d0023bf5ea4f	0.0	0.0	0.0	0.0	0.0	105.0	0.0	0.0	0.0	0.0	0.0	0.0	0.0	0.0	0.0	0.0	0.0	0.0
f965e2ff1e000f6b98b1458d1f2a4718	0.0	0.0	0.0	0.0	0.0	0.0	0.0	105.0	0.0	0.0	0.0	0.0	0.0	0.0	0.0	0.0	0.0	0.0
6a7ec8aea3d02414336c1b49a5b60705	0.0	0.0	0.0	0.0	0.0	0.0	0.0	48.0	0.0	0.0	0.0	0.0	0.0	0.0	57.0	0.0	0.0	0.0
f49baea4f8995581a3925585a2e91a92	0.0	0.0	0.0	0.0	0.0	0.0	0.0	0.0	0.0	0.0	0.0	0.0	0.0	0.0	0.0	0.0	105.0	0.0
63a0a14fb981c6402b43b14fe49c9f5b	0.0	0.0	0.0	0.0	0.0	0.0	0.0	0.0	55.0	0.0	0.0	0.0	0.0	0.0	49.0	0.0	0.0	0.0
25ba53f7aa4f3932985b9a5e9be21ad9	0.0	0.0	0.0	0.0	0.0	0.0	0.0	0.0	0.0	0.0	55.0	0.0	0.0	0.0	0.0	0.0	48.0	0.0
17046e7aebec0d12dea3b7a38f6da866	0.0	0.0	0.0	0.0	0.0	0.0	0.0	0.0	0.0	0.0	0.0	0.0	0.0	0.0	0.0	0.0	103.0	0.0
db9e15bb0063461294693360437b0385	0.0	0.0	0.0	0.0	0.0	0.0	0.0	0.0	0.0	0.0	42.0	0.0	0.0	0.0	0.0	0.0	60.0	0.0
c0c170622c3bf041ce538d3427a38e9d	0.0	0.0	0.0	0.0	0.0	0.0	0.0	0.0	0.0	0.0	101.0	0.0	0.0	0.0	0.0	0.0	0.0	0.0
3c0a5d5415d1c79c7c4a083431336a52	0.0	0.0	0.0	0.0	0.0	0.0	0.0	0.0	99.0	0.0	0.0	0.0	0.0	0.0	0.0	0.0	0.0	0.0
ad30cc5de6bd11a29a73915f9b23bd5a	0.0	0.0	0.0	0.0	0.0	0.0	0.0	0.0	0.0	0.0	0.0	0.0	0.0	0.0	0.0	99.0	0.0	0.0
fd519c2e65680ae2f7d2bc279a2a003b	0.0	0.0	0.0	0.0	0.0	0.0	0.0	0.0	0.0	0.0	98.0	0.0	0.0	0.0	0.0	0.0	0.0	0.0
35917a6cfb0dc77c284e939e5d92aa06	38.0	0.0	0.0	0.0	0.0	0.0	0.0	0.0	0.0	0.0	0.0	0.0	59.0	0.0	0.0	0.0	0.0	0.0
474e0f1205057c373c0ae913db64c068	0.0	0.0	0.0	0.0	0.0	0.0	0.0	0.0	0.0	96.0	0.0	0.0	0.0	0.0	0.0	0.0	0.0	0.0
b1eb66b71aa4f18e027e93c5a3bf8e61	0.0	0.0	0.0	0.0	0.0	0.0	0.0	0.0	0.0	0.0	0.0	0.0	0.0	0.0	0.0	0.0	0.0	96.0
58c7a720a8d76ee4121930c389906986	0.0	0.0	0.0	0.0	0.0	0.0	0.0	0.0	0.0	94.0	0.0	0.0	0.0	0.0	0.0	0.0	0.0	0.0
abd1d99499a4e67f66d2b0cf1c28dc6d	0.0	0.0	0.0	0.0	0.0	0.0	0.0	0.0	0.0	0.0	0.0	0.0	0.0	94.0	0.0	0.0	0.0	0.0
7a0b418e121fe150fe394ceff05b40e1	0.0	0.0	0.0	0.0	0.0	0.0	93.0	0.0	0.0	0.0	0.0	0.0	0.0	0.0	0.0	0.0	0.0	0.0
59fb6f699e51b7d20143c2c70ed7c0a5	0.0	0.0	0.0	0.0	0.0	0.0	0.0	0.0	93.0	0.0	0.0	0.0	0.0	0.0	0.0	0.0	0.0	0.0
d49e060049108daefb1eb3a71b4f3f57	0.0	0.0	0.0	0.0	0.0	0.0	0.0	0.0	0.0	0.0	0.0	0.0	0.0	0.0	0.0	93.0	0.0	0.0
8d991151ad17b322114220f3fc403baa	0.0	0.0	0.0	0.0	0.0	0.0	0.0	0.0	0.0	0.0	0.0	0.0	92.0	0.0	0.0	0.0	0.0	0.0
6dfe638fd7dcf07df67f0881ea011650	0.0	0.0	0.0	0.0	0.0	0.0	0.0	0.0	0.0	0.0	0.0	0.0	0.0	0.0	0.0	92.0	0.0	0.0
5cdefa83760f2bbf2125d6f432bc957c	0.0	0.0	0.0	0.0	0.0	0.0	0.0	0.0	0.0	0.0	0.0	0.0	0.0	91.0	0.0	0.0	0.0	0.0
f9a167cecb35bde11512b26a2cbc32a0	0.0	0.0	0.0	0.0	0.0	0.0	0.0	0.0	0.0	0.0	0.0	0.0	0.0	0.0	0.0	0.0	0.0	91.0
5e19c6503d688e99ca3dd68ac2327431	0.0	0.0	0.0	0.0	0.0	0.0	0.0	0.0	0.0	0.0	0.0	90.0	0.0	0.0	0.0	0.0	0.0	0.0
ef0aeb20b855e58f91a58d96ae52c06d	0.0	0.0	0.0	0.0	0.0	0.0	0.0	0.0	0.0	0.0	0.0	90.0	0.0	0.0	0.0	0.0	0.0	0.0
c139bfa7ccb7234c229d3ada22330f64	0.0	0.0	0.0	0.0	0.0	0.0	0.0	0.0	0.0	0.0	0.0	0.0	0.0	0.0	0.0	0.0	90.0	0.0
24fdbe2f17c5fe3188d6e3208580132c	0.0	0.0	0.0	0.0	0.0	0.0	0.0	0.0	0.0	0.0	0.0	0.0	0.0	89.0	0.0	0.0	0.0	0.0
8a95d6352df291203ff97b1cd474560a	0.0	0.0	0.0	0.0	0.0	0.0	0.0	0.0	0.0	0.0	88.0	0.0	0.0	0.0	0.0	0.0	0.0	0.0
48160a29427cb6cebadef9170902f4cd	0.0	0.0	0.0	0.0	0.0	0.0	24.0	63.0	0.0	0.0	0.0	0.0	0.0	0.0	0.0	0.0	0.0	0.0
7f9fa1ab2a4f8b41982c571f45d15cdf	0.0	0.0	0.0	0.0	0.0	0.0	0.0	0.0	23.0	0.0	0.0	64.0	0.0	0.0	0.0	0.0	0.0	0.0
27f90614d3714b7088a177cedb22611b	0.0	0.0	0.0	0.0	0.0	0.0	0.0	0.0	0.0	0.0	0.0	0.0	0.0	87.0	0.0	0.0	0.0	0.0
40e2e4bd905313a8ce1478f74a86d677	0.0	0.0	0.0	0.0	0.0	0.0	0.0	0.0	0.0	0.0	0.0	0.0	0.0	0.0	0.0	0.0	87.0	0.0
983d98e9fae43ac8ee0245cd98ccb890	0.0	0.0	0.0	0.0	0.0	0.0	0.0	0.0	0.0	86.0	0.0	0.0	0.0	0.0	0.0	0.0	0.0	0.0
04c3d2f886d6c3d06fff3209ec43292a	0.0	0.0	0.0	0.0	0.0	0.0	0.0	0.0	0.0	0.0	86.0	0.0	0.0	0.0	0.0	0.0	0.0	0.0
7cc4814ade5f1772fcb994de3775f570	0.0	0.0	0.0	0.0	0.0	0.0	0.0	0.0	0.0	0.0	0.0	86.0	0.0	0.0	0.0	0.0	0.0	0.0
40f5aa4f5945652c4a713e00e41ee884	0.0	0.0	0.0	0.0	0.0	0.0	0.0	0.0	0.0	0.0	0.0	85.0	0.0	0.0	0.0	0.0	0.0	0.0
e4861075af29ff0a9aa2bc130a0585eb	0.0	0.0	0.0	0.0	0.0	0.0	0.0	84.0	0.0	0.0	0.0	0.0	0.0	0.0	0.0	0.0	0.0	0.0
03aeb3906f877654948dcbb82f34bee5	0.0	0.0	0.0	0.0	0.0	0.0	0.0	83.0	0.0	0.0	0.0	0.0	0.0	0.0	0.0	0.0	0.0	0.0
40e99d7ad78c420c4404f5e48ce3f8fb	0.0	0.0	0.0	0.0	0.0	0.0	0.0	0.0	0.0	0.0	0.0	83.0	0.0	0.0	0.0	0.0	0.0	0.0
398bd72980c22e2a9055f45ffad78d67	0.0	0.0	0.0	0.0	0.0	0.0	0.0	0.0	0.0	0.0	0.0	83.0	0.0	0.0	0.0	0.0	0.0	0.0
94bb7c1ac9d6058b689c3d6656830743	0.0	0.0	0.0	0.0	0.0	0.0	0.0	0.0	0.0	0.0	0.0	0.0	0.0	0.0	83.0	0.0	0.0	0.0
bd91bba9f9bb0ae75fbebb54a0bc2050	0.0	0.0	0.0	0.0	0.0	0.0	0.0	0.0	0.0	0.0	0.0	0.0	0.0	0.0	0.0	0.0	0.0	83.0
7b796470af9ccdd6d6a338636410a2b1	0.0	0.0	0.0	16.0	0.0	0.0	0.0	0.0	0.0	0.0	0.0	0.0	0.0	0.0	0.0	0.0	66.0	0.0
3e37eff7860c042293c84b8a12cf616d	0.0	0.0	0.0	0.0	0.0	0.0	0.0	0.0	0.0	0.0	0.0	0.0	82.0	0.0	0.0	0.0	0.0	0.0
5249061ae482e573d3b5632bc3304848	0.0	0.0	0.0	0.0	0.0	0.0	0.0	81.0	0.0	0.0	0.0	0.0	0.0	0.0	0.0	0.0	0.0	0.0
de61b02441d32f05fbedc8095347f88e	0.0	0.0	0.0	0.0	0.0	0.0	0.0	0.0	0.0	31.0	0.0	0.0	0.0	0.0	50.0	0.0	0.0	0.0
41e86a982bcfb5b4e4c29c70b40d6c58	0.0	0.0	0.0	0.0	0.0	0.0	0.0	80.0	0.0	0.0	0.0	0.0	0.0	0.0	0.0	0.0	0.0	0.0
1bde37132c3a3275ca7ea8a5bc00b0ad	0.0	0.0	0.0	0.0	0.0	0.0	0.0	80.0	0.0	0.0	0.0	0.0	0.0	0.0	0.0	0.0	0.0	0.0
134c2d75b9ded5528e7b1f35f645d0b8	0.0	0.0	0.0	0.0	0.0	0.0	0.0	0.0	0.0	0.0	0.0	0.0	0.0	80.0	0.0	0.0	0.0	0.0
241416ea307f06c26ba7c765eb92d576	0.0	0.0	0.0	0.0	79.0	0.0	0.0	0.0	0.0	0.0	0.0	0.0	0.0	0.0	0.0	0.0	0.0	0.0
ea14eeee344788a3a86f32530485e3ac	0.0	0.0	0.0	0.0	0.0	0.0	0.0	0.0	0.0	79.0	0.0	0.0	0.0	0.0	0.0	0.0	0.0	0.0
666bfc72ac904019deb08c9c4d7aec88	0.0	0.0	0.0	0.0	0.0	0.0	0.0	0.0	0.0	0.0	79.0	0.0	0.0	0.0	0.0	0.0	0.0	0.0
142f56b98a21b48bcadadf09f4b91abe	0.0	0.0	0.0	0.0	0.0	0.0	0.0	0.0	0.0	0.0	0.0	0.0	0.0	0.0	0.0	0.0	0.0	79.0
7bcf988c3e53a050a2e105a5962f0f37	0.0	0.0	0.0	0.0	0.0	0.0	0.0	0.0	0.0	0.0	0.0	0.0	0.0	0.0	78.0	0.0	0.0	0.0
b20d3d7d6bb9a45610ebf8c95cae948d	0.0	0.0	0.0	0.0	0.0	0.0	0.0	0.0	0.0	0.0	0.0	0.0	0.0	0.0	0.0	0.0	78.0	0.0
62ff59cc41537d3f0e0c177a8b80c71c	0.0	0.0	0.0	0.0	0.0	0.0	0.0	0.0	0.0	0.0	0.0	0.0	0.0	0.0	0.0	0.0	0.0	78.0
8006e9459c0eee6ead97de1f2c1e78ab	0.0	0.0	0.0	0.0	0.0	0.0	0.0	0.0	0.0	77.0	0.0	0.0	0.0	0.0	0.0	0.0	0.0	0.0
5d0acfd622111f6c1c181aee1f107450	0.0	0.0	0.0	0.0	0.0	0.0	0.0	0.0	0.0	0.0	0.0	77.0	0.0	0.0	0.0	0.0	0.0	0.0
256b9ca97e1ef31a137cc206f260e4fb	0.0	0.0	0.0	0.0	0.0	0.0	0.0	0.0	0.0	0.0	0.0	0.0	0.0	0.0	52.0	0.0	0.0	25.0
b7db251430beb1703aaa7e09499909fd	0.0	0.0	0.0	0.0	0.0	0.0	0.0	0.0	0.0	0.0	0.0	0.0	0.0	0.0	77.0	0.0	0.0	0.0
aa6ac3907df37f5565d84123853923d7	0.0	0.0	0.0	0.0	0.0	0.0	0.0	0.0	0.0	0.0	0.0	0.0	0.0	0.0	0.0	0.0	0.0	77.0
3a8268b69e9f2d42c3f609e2bc78588b	0.0	0.0	0.0	0.0	0.0	0.0	0.0	36.0	0.0	0.0	0.0	0.0	0.0	0.0	40.0	0.0	0.0	0.0
519ff3d949326fc2ae102abb5c15ac60	0.0	0.0	0.0	0.0	0.0	0.0	0.0	0.0	76.0	0.0	0.0	0.0	0.0	0.0	0.0	0.0	0.0	0.0
c5fbe5ff59c4d856aa9da2e9f29a8af8	0.0	0.0	0.0	0.0	0.0	0.0	0.0	0.0	0.0	0.0	76.0	0.0	0.0	0.0	0.0	0.0	0.0	0.0
fbdccff28f3a5db429450254c868f79c	0.0	0.0	0.0	0.0	0.0	0.0	0.0	0.0	0.0	0.0	0.0	0.0	76.0	0.0	0.0	0.0	0.0	0.0
0e40f43e171f949f8ac937f1ddfb4b7c	0.0	0.0	0.0	0.0	0.0	0.0	0.0	0.0	0.0	0.0	0.0	0.0	0.0	0.0	0.0	0.0	76.0	0.0
75673916f2647830079c4bc96d26e2b8	0.0	0.0	0.0	0.0	0.0	0.0	0.0	0.0	0.0	0.0	0.0	75.0	0.0	0.0	0.0	0.0	0.0	0.0
06f5ce6a70e4b83a9986f3820a793394	0.0	0.0	0.0	0.0	0.0	0.0	0.0	0.0	0.0	0.0	0.0	0.0	0.0	0.0	0.0	0.0	0.0	75.0
ddffc1ed3ee061b5734e3e51da5f9b31	36.0	0.0	0.0	0.0	0.0	0.0	0.0	38.0	0.0	0.0	0.0	0.0	0.0	0.0	0.0	0.0	0.0	0.0
43a2a07d34e2567745a9f5f321073aec	0.0	0.0	0.0	0.0	0.0	0.0	0.0	0.0	74.0	0.0	0.0	0.0	0.0	0.0	0.0	0.0	0.0	0.0
f6c6779b039d1b87229d3051f798dee5	0.0	0.0	0.0	0.0	0.0	0.0	0.0	0.0	0.0	0.0	0.0	0.0	0.0	0.0	74.0	0.0	0.0	0.0
e5cb109714d4feb73889b59f124f777b	0.0	0.0	73.0	0.0	0.0	0.0	0.0	0.0	0.0	0.0	0.0	0.0	0.0	0.0	0.0	0.0	0.0	0.0
16596b920ff9ad3568746516c6e2a5ab	0.0	0.0	0.0	0.0	0.0	0.0	0.0	73.0	0.0	0.0	0.0	0.0	0.0	0.0	0.0	0.0	0.0	0.0
02e8666088fd3be3a39224120dde0485	0.0	0.0	0.0	0.0	0.0	0.0	0.0	0.0	0.0	0.0	0.0	0.0	0.0	73.0	0.0	0.0	0.0	0.0
93d12712c3b0f5cef77d8e589e209cec	0.0	0.0	0.0	0.0	0.0	0.0	0.0	0.0	0.0	0.0	0.0	0.0	0.0	0.0	73.0	0.0	0.0	0.0
f922f09881516a08b1bdae72df83c5ec	0.0	0.0	0.0	0.0	0.0	0.0	0.0	0.0	0.0	0.0	72.0	0.0	0.0	0.0	0.0	0.0	0.0	0.0
d7f0f4a65cc5d9abe665a96fbb27932d	0.0	0.0	0.0	0.0	0.0	0.0	0.0	0.0	0.0	0.0	72.0	0.0	0.0	0.0	0.0	0.0	0.0	0.0
ac5a8503dc9bdd7483f3f25774fd4191	0.0	0.0	0.0	71.0	0.0	0.0	0.0	0.0	0.0	0.0	0.0	0.0	0.0	0.0	0.0	0.0	0.0	0.0
913736865733bc106ce1a15ae6b87acc	0.0	0.0	0.0	0.0	0.0	0.0	0.0	0.0	0.0	71.0	0.0	0.0	0.0	0.0	0.0	0.0	0.0	0.0
e2869dbd56d58c99a418e541b6d3634e	0.0	0.0	0.0	0.0	0.0	0.0	0.0	0.0	0.0	0.0	0.0	0.0	71.0	0.0	0.0	0.0	0.0	0.0
034b203c3d5584c089e1fb47427e742a	0.0	0.0	0.0	0.0	0.0	70.0	0.0	0.0	0.0	0.0	0.0	0.0	0.0	0.0	0.0	0.0	0.0	0.0
35ca096f24c9367b380f5cd226815a57	0.0	0.0	0.0	0.0	0.0	0.0	70.0	0.0	0.0	0.0	0.0	0.0	0.0	0.0	0.0	0.0	0.0	0.0
e2a0b8e0b97c69bea5feb20f60580b31	0.0	0.0	0.0	0.0	0.0	0.0	0.0	70.0	0.0	0.0	0.0	0.0	0.0	0.0	0.0	0.0	0.0	0.0
11f8e1033638f4034f09b4a1de8d6802	0.0	0.0	0.0	0.0	0.0	0.0	0.0	70.0	0.0	0.0	0.0	0.0	0.0	0.0	0.0	0.0	0.0	0.0
c016d400043d40906d1906b6a86868f7	0.0	0.0	0.0	0.0	0.0	0.0	0.0	0.0	45.0	0.0	0.0	0.0	25.0	0.0	0.0	0.0	0.0	0.0
68180a5770aeb1ee5fec1c7b4e243484	69.0	0.0	0.0	0.0	0.0	0.0	0.0	0.0	0.0	0.0	0.0	0.0	0.0	0.0	0.0	0.0	0.0	0.0
47c14f4a30b8c30097e304a14c4bba71	0.0	0.0	0.0	0.0	0.0	0.0	0.0	0.0	0.0	0.0	0.0	69.0	0.0	0.0	0.0	0.0	0.0	0.0
fdc7e06d311a1a43ee69b96931bf68eb	0.0	0.0	0.0	0.0	0.0	0.0	0.0	0.0	0.0	0.0	0.0	0.0	0.0	34.0	35.0	0.0	0.0	0.0
739d2e5a441d33c8329f3acf8bd1ee47	0.0	0.0	0.0	0.0	0.0	0.0	0.0	0.0	0.0	0.0	0.0	0.0	0.0	0.0	0.0	0.0	69.0	0.0
72f53f93478b29f472c98acbe2ddc313	0.0	0.0	0.0	0.0	0.0	0.0	0.0	0.0	0.0	0.0	0.0	0.0	0.0	0.0	0.0	0.0	0.0	69.0
3bfbad0f16f99e2566c7dfa18a92167d	0.0	0.0	0.0	0.0	68.0	0.0	0.0	0.0	0.0	0.0	0.0	0.0	0.0	0.0	0.0	0.0	0.0	0.0
300215ef6ad28067e93739c6cb340946	0.0	0.0	0.0	0.0	0.0	0.0	0.0	0.0	0.0	0.0	0.0	0.0	0.0	0.0	0.0	0.0	68.0	0.0
ecd66ee9340b4692612a659c2b1dd3ba	0.0	0.0	0.0	0.0	0.0	0.0	0.0	0.0	0.0	0.0	67.0	0.0	0.0	0.0	0.0	0.0	0.0	0.0
a45f1c5c69c52b2e2b5fd8fcfba4395e	0.0	0.0	0.0	0.0	0.0	0.0	0.0	0.0	0.0	0.0	0.0	67.0	0.0	0.0	0.0	0.0	0.0	0.0
8df8cb003d372361a55d0bbc71117d0b	0.0	0.0	0.0	0.0	0.0	0.0	0.0	0.0	0.0	0.0	0.0	0.0	0.0	38.0	0.0	29.0	0.0	0.0
f055c88424e5babd3bc8a8c2e9c1cc4b	0.0	0.0	0.0	0.0	0.0	0.0	0.0	0.0	0.0	0.0	0.0	0.0	0.0	0.0	0.0	30.0	0.0	37.0
6333725549a70048b649230243ee6c4a	0.0	0.0	0.0	0.0	0.0	0.0	0.0	0.0	0.0	0.0	0.0	0.0	0.0	0.0	0.0	0.0	0.0	67.0
9d5b9d934f661253912ef128788b5527	0.0	0.0	66.0	0.0	0.0	0.0	0.0	0.0	0.0	0.0	0.0	0.0	0.0	0.0	0.0	0.0	0.0	0.0
4635d5114b2fc74f01beeb7ddfc0774f	0.0	0.0	0.0	66.0	0.0	0.0	0.0	0.0	0.0	0.0	0.0	0.0	0.0	0.0	0.0	0.0	0.0	0.0
9ae3a5b8de05ed93493fa492b501960f	0.0	0.0	0.0	0.0	66.0	0.0	0.0	0.0	0.0	0.0	0.0	0.0	0.0	0.0	0.0	0.0	0.0	0.0
bac844ab009cbaf1f29757d70e308659	0.0	0.0	0.0	0.0	0.0	66.0	0.0	0.0	0.0	0.0	0.0	0.0	0.0	0.0	0.0	0.0	0.0	0.0
8ffc6303d8636c348b4e7bf429e6ee0c	0.0	0.0	0.0	0.0	0.0	66.0	0.0	0.0	0.0	0.0	0.0	0.0	0.0	0.0	0.0	0.0	0.0	0.0
8aa0d551fe86fb3eeb6e86e5aff142de	0.0	0.0	0.0	0.0	0.0	0.0	0.0	66.0	0.0	0.0	0.0	0.0	0.0	0.0	0.0	0.0	0.0	0.0
3debcc86b4297cdc7892d7c428c30546	0.0	0.0	0.0	0.0	0.0	0.0	0.0	0.0	0.0	0.0	66.0	0.0	0.0	0.0	0.0	0.0	0.0	0.0
f560f2e143c46b16cfaf972a6c643a80	0.0	0.0	0.0	0.0	0.0	0.0	0.0	0.0	0.0	0.0	0.0	0.0	0.0	0.0	31.0	0.0	35.0	0.0
96676f88e33773abf099455917c3d72d	0.0	0.0	65.0	0.0	0.0	0.0	0.0	0.0	0.0	0.0	0.0	0.0	0.0	0.0	0.0	0.0	0.0	0.0
6eaf62c2159c67a8d351bb90bae3c92b	0.0	0.0	0.0	0.0	0.0	65.0	0.0	0.0	0.0	0.0	0.0	0.0	0.0	0.0	0.0	0.0	0.0	0.0
577029c41bebdb83f8422350a0a85e91	0.0	0.0	0.0	0.0	0.0	0.0	0.0	0.0	0.0	0.0	0.0	0.0	28.0	37.0	0.0	0.0	0.0	0.0
3e819fef1d5501217b86b55babdce3e8	0.0	0.0	0.0	0.0	0.0	0.0	0.0	0.0	0.0	0.0	0.0	0.0	0.0	0.0	0.0	65.0	0.0	0.0
edefd131f4a852be64e072666b7bbb1c	0.0	0.0	0.0	0.0	0.0	0.0	0.0	0.0	0.0	0.0	0.0	64.0	0.0	0.0	0.0	0.0	0.0	0.0
72ecea66ca17394dbec471c8b55dde7b	0.0	0.0	0.0	0.0	0.0	0.0	0.0	0.0	0.0	0.0	0.0	0.0	0.0	0.0	64.0	0.0	0.0	0.0
4c822f0dd745ab50728cbc671e02cfb5	0.0	0.0	0.0	0.0	0.0	0.0	0.0	0.0	0.0	0.0	0.0	0.0	0.0	0.0	0.0	0.0	0.0	64.0
32e2ead082e986f7a1306c0a89a4389a	0.0	0.0	0.0	0.0	0.0	0.0	0.0	0.0	0.0	0.0	0.0	63.0	0.0	0.0	0.0	0.0	0.0	0.0
3c3eb01f4127c78839f234e16cf8fc78	0.0	0.0	0.0	0.0	0.0	0.0	0.0	0.0	0.0	0.0	0.0	63.0	0.0	0.0	0.0	0.0	0.0	0.0
40596989a12ff947da64a65208d8832f	0.0	0.0	0.0	0.0	0.0	0.0	0.0	0.0	0.0	0.0	0.0	0.0	0.0	0.0	63.0	0.0	0.0	0.0
2d6f5329127f07542d086a72cc814120	0.0	0.0	0.0	0.0	0.0	0.0	62.0	0.0	0.0	0.0	0.0	0.0	0.0	0.0	0.0	0.0	0.0	0.0
ae04165eafbb51583eff1a5c1e219e37	0.0	0.0	0.0	0.0	0.0	0.0	0.0	62.0	0.0	0.0	0.0	0.0	0.0	0.0	0.0	0.0	0.0	0.0
a9807ee50b95bb7d05a3203b5d1d5248	0.0	0.0	0.0	0.0	0.0	0.0	0.0	0.0	0.0	0.0	62.0	0.0	0.0	0.0	0.0	0.0	0.0	0.0
c338dcb78bbc79f36a372b9599296a7d	0.0	0.0	0.0	0.0	0.0	0.0	0.0	0.0	0.0	0.0	0.0	0.0	0.0	62.0	0.0	0.0	0.0	0.0
03d4fbb43abd333b6c15b255b5cdda4c	0.0	0.0	0.0	0.0	0.0	0.0	0.0	0.0	0.0	61.0	0.0	0.0	0.0	0.0	0.0	0.0	0.0	0.0
24c6336a390d4a222098c754c5d2bbad	0.0	0.0	0.0	0.0	0.0	0.0	0.0	0.0	0.0	0.0	61.0	0.0	0.0	0.0	0.0	0.0	0.0	0.0
109a23f1288830576e59b3d076cd0f36	0.0	0.0	0.0	0.0	0.0	0.0	60.0	0.0	0.0	0.0	0.0	0.0	0.0	0.0	0.0	0.0	0.0	0.0
e9d33121f474d767ff9bf345e75f658b	0.0	0.0	0.0	0.0	0.0	0.0	0.0	0.0	60.0	0.0	0.0	0.0	0.0	0.0	0.0	0.0	0.0	0.0
e36adff7f5970e8be03b92f99acf39b8	0.0	0.0	0.0	0.0	0.0	0.0	0.0	0.0	0.0	0.0	60.0	0.0	0.0	0.0	0.0	0.0	0.0	0.0
b67e404a584be59e241014949fe30dbf	0.0	0.0	0.0	0.0	0.0	0.0	0.0	0.0	0.0	0.0	0.0	0.0	0.0	60.0	0.0	0.0	0.0	0.0
2e93943b57ae7fcbdb112aca4d6872ae	0.0	0.0	0.0	0.0	0.0	0.0	0.0	0.0	0.0	0.0	0.0	0.0	0.0	60.0	0.0	0.0	0.0	0.0
896cbcde82a5fd81c6d17bc05261bef8	0.0	0.0	0.0	0.0	0.0	0.0	0.0	0.0	0.0	0.0	0.0	0.0	0.0	60.0	0.0	0.0	0.0	0.0
748cee0d46a07da832e10f199b3fa0d5	0.0	0.0	0.0	0.0	0.0	0.0	0.0	0.0	0.0	0.0	0.0	0.0	0.0	0.0	60.0	0.0	0.0	0.0
51982c41a0832fa4158dc3e4d5181e7e	0.0	0.0	0.0	0.0	0.0	0.0	0.0	59.0	0.0	0.0	0.0	0.0	0.0	0.0	0.0	0.0	0.0	0.0
26af4718ddf7a242ebed7dbb965555fc	0.0	0.0	0.0	0.0	0.0	0.0	0.0	0.0	0.0	0.0	59.0	0.0	0.0	0.0	0.0	0.0	0.0	0.0
25e777c643d71e99be421c89bd357fb3	0.0	0.0	0.0	0.0	0.0	0.0	0.0	0.0	0.0	0.0	59.0	0.0	0.0	0.0	0.0	0.0	0.0	0.0
19094f3a0af43d639cc8fce98296adf4	0.0	0.0	0.0	0.0	0.0	0.0	0.0	0.0	0.0	0.0	0.0	0.0	0.0	59.0	0.0	0.0	0.0	0.0
a9d815aa97edf5a45a99b381dd662830	0.0	0.0	0.0	0.0	0.0	0.0	0.0	0.0	0.0	0.0	0.0	0.0	0.0	0.0	59.0	0.0	0.0	0.0
8c368d73d71e2154a7c6ce2f40b83e34	0.0	58.0	0.0	0.0	0.0	0.0	0.0	0.0	0.0	0.0	0.0	0.0	0.0	0.0	0.0	0.0	0.0	0.0
6df0f646b4cde5b80874e9bfc9aea052	0.0	0.0	0.0	0.0	0.0	0.0	0.0	0.0	0.0	0.0	0.0	58.0	0.0	0.0	0.0	0.0	0.0	0.0
19b1b1e85d8b7433c47f6d33d9636ba7	0.0	0.0	0.0	0.0	0.0	0.0	0.0	0.0	0.0	0.0	0.0	0.0	0.0	0.0	58.0	0.0	0.0	0.0
b174586f9d7c2cec25841ed876fbba57	0.0	0.0	0.0	0.0	0.0	0.0	0.0	0.0	0.0	0.0	0.0	0.0	0.0	0.0	0.0	0.0	0.0	58.0
2c17438e761a380274900490cb152e55	0.0	0.0	0.0	0.0	0.0	0.0	0.0	57.0	0.0	0.0	0.0	0.0	0.0	0.0	0.0	0.0	0.0	0.0
13fcd9ab1d55b492c60e62c8b023351a	0.0	0.0	0.0	0.0	0.0	0.0	0.0	0.0	0.0	57.0	0.0	0.0	0.0	0.0	0.0	0.0	0.0	0.0
194f5189114eaf45ea76fb8c08fea8e1	0.0	0.0	0.0	0.0	0.0	0.0	0.0	0.0	0.0	0.0	0.0	57.0	0.0	0.0	0.0	0.0	0.0	0.0
0ee7371785fe36f7496fa3e76e86344c	0.0	0.0	0.0	0.0	0.0	0.0	0.0	0.0	0.0	0.0	0.0	57.0	0.0	0.0	0.0	0.0	0.0	0.0
4355d03703dc76604f8a29a84751c86a	0.0	0.0	0.0	0.0	0.0	0.0	0.0	0.0	0.0	0.0	0.0	0.0	0.0	57.0	0.0	0.0	0.0	0.0
3e8c1b64b56995356bdd21add373ddc4	0.0	0.0	0.0	0.0	0.0	0.0	0.0	0.0	0.0	0.0	0.0	0.0	0.0	0.0	0.0	57.0	0.0	0.0
43670be5a47c9ed5c92ab053c5d77bac	0.0	0.0	0.0	0.0	56.0	0.0	0.0	0.0	0.0	0.0	0.0	0.0	0.0	0.0	0.0	0.0	0.0	0.0
ed30b835cfeacbf21500b549ec21e891	0.0	0.0	0.0	0.0	56.0	0.0	0.0	0.0	0.0	0.0	0.0	0.0	0.0	0.0	0.0	0.0	0.0	0.0
f83fc10f730d55de71105d9133cb4078	0.0	0.0	0.0	0.0	0.0	0.0	56.0	0.0	0.0	0.0	0.0	0.0	0.0	0.0	0.0	0.0	0.0	0.0
ef2d0c01ca3c808baa990a1bc7e3c865	0.0	0.0	0.0	0.0	0.0	0.0	0.0	0.0	0.0	0.0	56.0	0.0	0.0	0.0	0.0	0.0	0.0	0.0
e97442cb3f75f6760507652b4414efc8	0.0	0.0	0.0	0.0	0.0	0.0	0.0	0.0	0.0	0.0	56.0	0.0	0.0	0.0	0.0	0.0	0.0	0.0
8c870bf82cfab3cc73552897117f3a51	0.0	0.0	55.0	0.0	0.0	0.0	0.0	0.0	0.0	0.0	0.0	0.0	0.0	0.0	0.0	0.0	0.0	0.0
d98d2acb7cd982968f3de4aa6dd52288	0.0	0.0	0.0	0.0	0.0	0.0	0.0	0.0	0.0	0.0	19.0	0.0	0.0	0.0	36.0	0.0	0.0	0.0
c2d127238c5623fd717f4dce053d96ec	0.0	0.0	0.0	0.0	0.0	0.0	0.0	0.0	0.0	0.0	0.0	0.0	55.0	0.0	0.0	0.0	0.0	0.0
0ed02401890cd0a73da0f02dda9d8e40	0.0	0.0	0.0	0.0	0.0	0.0	0.0	0.0	0.0	0.0	0.0	0.0	0.0	0.0	55.0	0.0	0.0	0.0
89c1e948fb9d0712c162d247e95d50ec	0.0	0.0	0.0	0.0	0.0	0.0	0.0	0.0	54.0	0.0	0.0	0.0	0.0	0.0	0.0	0.0	0.0	0.0
6be747ae7de49eadaab11cb17952de88	0.0	0.0	0.0	0.0	0.0	0.0	0.0	0.0	0.0	0.0	0.0	0.0	0.0	0.0	0.0	0.0	54.0	0.0
b4f7277cea6801b96c0ced290d78543f	0.0	0.0	0.0	0.0	0.0	0.0	0.0	0.0	0.0	0.0	0.0	0.0	0.0	0.0	0.0	0.0	0.0	54.0
c9d6a01a96c2ea4e8cd43c37bb64b2be	0.0	0.0	0.0	0.0	0.0	0.0	0.0	0.0	0.0	0.0	0.0	0.0	0.0	0.0	0.0	53.0	0.0	0.0
2c1069ecde83a53569ac1e632ea52077	0.0	0.0	0.0	0.0	0.0	0.0	0.0	0.0	0.0	0.0	0.0	0.0	0.0	0.0	0.0	0.0	52.0	0.0
f0fcbfaa3739aaf965fabbed84446239	51.0	0.0	0.0	0.0	0.0	0.0	0.0	0.0	0.0	0.0	0.0	0.0	0.0	0.0	0.0	0.0	0.0	0.0
e095120c0e3d64dbcef072829cbe8abd	0.0	0.0	21.0	0.0	0.0	0.0	0.0	30.0	0.0	0.0	0.0	0.0	0.0	0.0	0.0	0.0	0.0	0.0
201a0a772bf494504012e7cf1523b079	0.0	0.0	0.0	0.0	0.0	0.0	0.0	0.0	0.0	0.0	51.0	0.0	0.0	0.0	0.0	0.0	0.0	0.0
47125bdae134b6da2e5370274423d4e1	0.0	0.0	0.0	0.0	0.0	0.0	0.0	0.0	0.0	0.0	0.0	0.0	51.0	0.0	0.0	0.0	0.0	0.0
9ac3378beeab84cec893bf5b802db1b4	0.0	0.0	0.0	0.0	0.0	0.0	0.0	0.0	50.0	0.0	0.0	0.0	0.0	0.0	0.0	0.0	0.0	0.0
6ae60356f14d9595ea2897535d3743cf	0.0	0.0	0.0	0.0	0.0	0.0	0.0	0.0	0.0	0.0	0.0	0.0	50.0	0.0	0.0	0.0	0.0	0.0
5d0ed0dc07cd2a88267089fc74e93bb7	0.0	0.0	0.0	0.0	0.0	0.0	0.0	0.0	0.0	0.0	0.0	0.0	0.0	0.0	0.0	0.0	50.0	0.0
16648667ad5e6380a73f370d56df5349	0.0	0.0	0.0	0.0	0.0	0.0	0.0	0.0	0.0	0.0	0.0	0.0	0.0	0.0	0.0	0.0	0.0	50.0
7d171415e27b64cb0fe8e331338e75c6	0.0	0.0	0.0	0.0	0.0	49.0	0.0	0.0	0.0	0.0	0.0	0.0	0.0	0.0	0.0	0.0	0.0	0.0
903fb8bef7bbcc560239ca3864c93033	0.0	0.0	0.0	0.0	0.0	0.0	0.0	0.0	0.0	29.0	0.0	0.0	0.0	0.0	0.0	20.0	0.0	0.0
c72c9ae16277244f82760a0ea282faa3	0.0	0.0	0.0	0.0	0.0	0.0	0.0	0.0	0.0	0.0	49.0	0.0	0.0	0.0	0.0	0.0	0.0	0.0
0e621208a8faa410ee0b3b3c8337e8eb	0.0	0.0	0.0	0.0	0.0	0.0	0.0	0.0	0.0	0.0	0.0	0.0	0.0	0.0	49.0	0.0	0.0	0.0
602fb0103af9f7c7798b683639d1d8bc	0.0	0.0	0.0	0.0	0.0	0.0	0.0	0.0	0.0	0.0	0.0	0.0	0.0	0.0	0.0	49.0	0.0	0.0
a9f9fb1b095f37508918e1a66faff33f	0.0	0.0	0.0	0.0	0.0	0.0	0.0	0.0	0.0	0.0	0.0	0.0	0.0	0.0	0.0	0.0	49.0	0.0
b6a778cefc67d3be533500191487db43	0.0	0.0	48.0	0.0	0.0	0.0	0.0	0.0	0.0	0.0	0.0	0.0	0.0	0.0	0.0	0.0	0.0	0.0
3f099bb32c03f654984e58ca8d8e56ea	0.0	0.0	0.0	0.0	0.0	0.0	0.0	0.0	0.0	7.0	0.0	0.0	15.0	0.0	0.0	26.0	0.0	0.0
49bbc21b84e2279583a8d351ce6e2e0d	0.0	0.0	0.0	0.0	0.0	0.0	0.0	0.0	0.0	0.0	48.0	0.0	0.0	0.0	0.0	0.0	0.0	0.0
7ca25e660f0d40e98ccc17e4ffe2ee02	0.0	0.0	0.0	0.0	0.0	0.0	0.0	0.0	0.0	0.0	48.0	0.0	0.0	0.0	0.0	0.0	0.0	0.0
0fa1bacc798fa43fe4f978f0009c0d81	0.0	0.0	0.0	0.0	0.0	0.0	0.0	0.0	0.0	0.0	0.0	0.0	48.0	0.0	0.0	0.0	0.0	0.0
a3691acc30ac356ef3a65d09f68ca9e6	0.0	0.0	0.0	0.0	0.0	0.0	0.0	47.0	0.0	0.0	0.0	0.0	0.0	0.0	0.0	0.0	0.0	0.0
e1e7acd9dddfc1d6801f9e21a4d01a79	0.0	0.0	0.0	0.0	0.0	0.0	0.0	0.0	0.0	0.0	0.0	0.0	0.0	47.0	0.0	0.0	0.0	0.0
d225d54a41896f1bc2ca5da898dd1270	0.0	46.0	0.0	0.0	0.0	0.0	0.0	0.0	0.0	0.0	0.0	0.0	0.0	0.0	0.0	0.0	0.0	0.0
c47b6374e18e01900a7834fa2f1ddf32	0.0	0.0	0.0	0.0	0.0	0.0	0.0	0.0	0.0	46.0	0.0	0.0	0.0	0.0	0.0	0.0	0.0	0.0
00f7dc0c2bf9ce424cf03ac995f72ebe	0.0	0.0	0.0	0.0	0.0	0.0	0.0	0.0	0.0	0.0	0.0	0.0	46.0	0.0	0.0	0.0	0.0	0.0
55109f14de24b076a80b91ec339a894b	0.0	0.0	0.0	0.0	0.0	0.0	0.0	0.0	0.0	0.0	0.0	0.0	0.0	46.0	0.0	0.0	0.0	0.0
b6965f283aee5710fb73a1422aec7aa0	0.0	0.0	45.0	0.0	0.0	0.0	0.0	0.0	0.0	0.0	0.0	0.0	0.0	0.0	0.0	0.0	0.0	0.0
f65bbc3619263e13d27272272bdbea42	0.0	0.0	0.0	0.0	11.0	0.0	0.0	0.0	0.0	0.0	0.0	0.0	34.0	0.0	0.0	0.0	0.0	0.0
d1707a42b129c025ac2c8532bb0e6613	0.0	0.0	0.0	0.0	0.0	0.0	0.0	0.0	0.0	45.0	0.0	0.0	0.0	0.0	0.0	0.0	0.0	0.0
aade701e15682db2d6b897789f83fb27	0.0	0.0	0.0	0.0	0.0	0.0	0.0	0.0	0.0	0.0	0.0	0.0	0.0	44.0	0.0	0.0	0.0	0.0
707bc52a0893acea61710a0ec52a8fa7	0.0	0.0	0.0	0.0	0.0	0.0	0.0	0.0	0.0	0.0	0.0	0.0	0.0	0.0	0.0	0.0	0.0	44.0
f559e9b812026e681ee1d6ebcc6343d9	0.0	0.0	0.0	43.0	0.0	0.0	0.0	0.0	0.0	0.0	0.0	0.0	0.0	0.0	0.0	0.0	0.0	0.0
7695ef3dfa9924a74c6658ca5eabd6aa	0.0	0.0	0.0	0.0	0.0	0.0	0.0	43.0	0.0	0.0	0.0	0.0	0.0	0.0	0.0	0.0	0.0	0.0
a1c52d66e16fc0eb5967ae9cdceb8f61	0.0	0.0	0.0	0.0	0.0	0.0	0.0	0.0	0.0	0.0	43.0	0.0	0.0	0.0	0.0	0.0	0.0	0.0
63920ef34d97ed8f1fb569cdd1a37b15	0.0	0.0	0.0	0.0	0.0	0.0	0.0	0.0	0.0	0.0	0.0	43.0	0.0	0.0	0.0	0.0	0.0	0.0
276b5212d7c7890f0c5dbabc7bb2bc57	0.0	0.0	0.0	0.0	0.0	0.0	0.0	0.0	0.0	0.0	0.0	43.0	0.0	0.0	0.0	0.0	0.0	0.0
0b1237828d7f63faa2db719d3571b80a	0.0	0.0	0.0	0.0	0.0	0.0	0.0	0.0	0.0	0.0	0.0	43.0	0.0	0.0	0.0	0.0	0.0	0.0
7e7e11cec7ab1dcb657da8d6ccf82d1a	0.0	0.0	0.0	0.0	0.0	0.0	0.0	0.0	0.0	0.0	0.0	0.0	0.0	43.0	0.0	0.0	0.0	0.0
d8b9eb8ef38772d6436016be9ba26fb1	0.0	0.0	0.0	42.0	0.0	0.0	0.0	0.0	0.0	0.0	0.0	0.0	0.0	0.0	0.0	0.0	0.0	0.0
ef5cc14531d45577d2b3bf9fa333a510	0.0	0.0	0.0	0.0	0.0	42.0	0.0	0.0	0.0	0.0	0.0	0.0	0.0	0.0	0.0	0.0	0.0	0.0
fb0277172f89aca9d13cece5a3befdc4	0.0	0.0	0.0	0.0	0.0	0.0	0.0	0.0	0.0	42.0	0.0	0.0	0.0	0.0	0.0	0.0	0.0	0.0
9c4cfc2202a1c545f9c19a5a833482b1	0.0	0.0	0.0	0.0	0.0	0.0	0.0	0.0	0.0	0.0	42.0	0.0	0.0	0.0	0.0	0.0	0.0	0.0
5888f7afc9a25f7df750db71678b4204	0.0	0.0	0.0	0.0	0.0	0.0	0.0	0.0	0.0	0.0	0.0	0.0	0.0	9.0	33.0	0.0	0.0	0.0
3bc22a94faf57ef89b057c48de475d80	0.0	0.0	0.0	0.0	0.0	0.0	0.0	0.0	0.0	0.0	0.0	0.0	0.0	0.0	0.0	0.0	42.0	0.0
b61715fddfc77ee2ff5b4354a1abf9ed	0.0	0.0	0.0	0.0	0.0	0.0	0.0	0.0	0.0	0.0	0.0	0.0	41.0	0.0	0.0	0.0	0.0	0.0
e32bc2ff5299c85f5038a54a78ef8ba0	0.0	0.0	0.0	0.0	0.0	0.0	0.0	0.0	0.0	0.0	0.0	0.0	0.0	0.0	0.0	41.0	0.0	0.0
8f59aca1a59e1584e534f88e8d3b5613	0.0	0.0	0.0	0.0	0.0	0.0	0.0	0.0	0.0	0.0	0.0	0.0	0.0	0.0	0.0	41.0	0.0	0.0
20e937264211f33c3f5b213744ccbb22	0.0	0.0	0.0	0.0	0.0	0.0	0.0	0.0	0.0	0.0	0.0	0.0	0.0	0.0	0.0	0.0	0.0	41.0
399bc5acac9e0fedb9116d098f304685	0.0	0.0	0.0	0.0	0.0	40.0	0.0	0.0	0.0	0.0	0.0	0.0	0.0	0.0	0.0	0.0	0.0	0.0
2e865f0a1801b477bbf179e3a1a8cea8	0.0	0.0	0.0	0.0	0.0	0.0	0.0	0.0	40.0	0.0	0.0	0.0	0.0	0.0	0.0	0.0	0.0	0.0
3706ba3128b8f6451e13de141cbf9773	0.0	0.0	0.0	0.0	0.0	0.0	0.0	0.0	0.0	0.0	0.0	0.0	0.0	0.0	0.0	0.0	0.0	40.0
20128e7e8b3598011779e4a11d744890	0.0	0.0	0.0	0.0	0.0	0.0	0.0	0.0	0.0	0.0	39.0	0.0	0.0	0.0	0.0	0.0	0.0	0.0
a9f43aa58c954037c9666da2899927a4	0.0	0.0	0.0	0.0	0.0	0.0	0.0	0.0	0.0	0.0	0.0	0.0	0.0	0.0	0.0	39.0	0.0	0.0
d036a0ddddfc42c98f1f689e92e92f4f	0.0	0.0	0.0	38.0	0.0	0.0	0.0	0.0	0.0	0.0	0.0	0.0	0.0	0.0	0.0	0.0	0.0	0.0
663b30e76011b6d47ea313c72047a021	0.0	0.0	0.0	0.0	0.0	0.0	0.0	38.0	0.0	0.0	0.0	0.0	0.0	0.0	0.0	0.0	0.0	0.0
13588fc8f5b5751b0d4ff8a9be009ff2	0.0	0.0	0.0	0.0	0.0	0.0	0.0	0.0	0.0	38.0	0.0	0.0	0.0	0.0	0.0	0.0	0.0	0.0
270a7b36886509812ab2ea500b278aa3	0.0	0.0	0.0	0.0	0.0	0.0	0.0	0.0	0.0	0.0	38.0	0.0	0.0	0.0	0.0	0.0	0.0	0.0
58899a9c6db29c417f0b6b6db849d4f1	0.0	0.0	0.0	0.0	0.0	0.0	0.0	0.0	0.0	0.0	38.0	0.0	0.0	0.0	0.0	0.0	0.0	0.0
ac93c827bd978f766d71f748fedbdf60	0.0	0.0	0.0	0.0	37.0	0.0	0.0	0.0	0.0	0.0	0.0	0.0	0.0	0.0	0.0	0.0	0.0	0.0
8eed269979c9462c1eb58a04f47ce6a8	0.0	0.0	0.0	0.0	0.0	0.0	0.0	37.0	0.0	0.0	0.0	0.0	0.0	0.0	0.0	0.0	0.0	0.0
fb68988b4c70a98133920e834b3cf171	0.0	0.0	0.0	0.0	0.0	0.0	0.0	0.0	0.0	0.0	0.0	0.0	0.0	0.0	37.0	0.0	0.0	0.0
df8949ee87c3533e8b06f06f0d61d757	0.0	0.0	0.0	0.0	0.0	0.0	0.0	0.0	0.0	0.0	0.0	0.0	0.0	0.0	0.0	0.0	0.0	37.0
97d78976a6297aca4984b375df6561c5	0.0	0.0	0.0	0.0	0.0	0.0	0.0	36.0	0.0	0.0	0.0	0.0	0.0	0.0	0.0	0.0	0.0	0.0
583fd70cdf6d0bb832ea11e1c09fe2f3	0.0	0.0	0.0	0.0	0.0	0.0	0.0	0.0	36.0	0.0	0.0	0.0	0.0	0.0	0.0	0.0	0.0	0.0
0e139f98997f2a7dfcc58c4776a4eae6	0.0	0.0	0.0	0.0	0.0	0.0	0.0	0.0	0.0	0.0	0.0	36.0	0.0	0.0	0.0	0.0	0.0	0.0
dbab86e003f941d7b625667c3f2d8e42	0.0	0.0	0.0	0.0	0.0	0.0	0.0	0.0	0.0	0.0	0.0	0.0	36.0	0.0	0.0	0.0	0.0	0.0
f97525389fdef803152847b0247be966	0.0	0.0	0.0	0.0	0.0	0.0	0.0	0.0	0.0	0.0	0.0	0.0	0.0	0.0	0.0	0.0	36.0	0.0
88bda4cb6a8ea9a4cbd9ade8032abb2f	0.0	0.0	0.0	0.0	0.0	0.0	0.0	0.0	0.0	0.0	0.0	0.0	0.0	0.0	0.0	0.0	0.0	36.0
d1a05b63e0a787515ed52997c54fd427	0.0	0.0	0.0	0.0	0.0	0.0	0.0	0.0	0.0	0.0	0.0	0.0	0.0	35.0	0.0	0.0	0.0	0.0
8f92f84145ad32f66c1bd1c2980431fb	0.0	0.0	0.0	0.0	0.0	0.0	0.0	0.0	0.0	0.0	0.0	0.0	0.0	0.0	0.0	35.0	0.0	0.0
1f06253e573e3dc815a756627e501426	0.0	0.0	0.0	0.0	0.0	0.0	0.0	0.0	0.0	0.0	0.0	0.0	0.0	0.0	0.0	0.0	35.0	0.0
7e32ce61c03e744b6b3caddf24a6fe3b	0.0	0.0	0.0	0.0	34.0	0.0	0.0	0.0	0.0	0.0	0.0	0.0	0.0	0.0	0.0	0.0	0.0	0.0
d61dcdd423e9a4f4a446156739029b1d	0.0	0.0	0.0	0.0	0.0	0.0	0.0	34.0	0.0	0.0	0.0	0.0	0.0	0.0	0.0	0.0	0.0	0.0
eea320c50bef0796e789e49d41a8cb67	0.0	0.0	0.0	0.0	0.0	0.0	0.0	34.0	0.0	0.0	0.0	0.0	0.0	0.0	0.0	0.0	0.0	0.0
8e1f92abf726d2d48ace7123eb0e417c	0.0	0.0	0.0	0.0	0.0	0.0	0.0	34.0	0.0	0.0	0.0	0.0	0.0	0.0	0.0	0.0	0.0	0.0
29a3649e815d7174d46e30f5245983da	0.0	0.0	0.0	0.0	0.0	0.0	0.0	0.0	0.0	0.0	17.0	17.0	0.0	0.0	0.0	0.0	0.0	0.0
fd730374dece922e731dfd0003b4599f	0.0	0.0	0.0	0.0	0.0	0.0	0.0	0.0	0.0	0.0	13.0	21.0	0.0	0.0	0.0	0.0	0.0	0.0
881c2c6a09ed20164bc41763388018b3	0.0	0.0	0.0	0.0	0.0	0.0	0.0	0.0	0.0	0.0	0.0	34.0	0.0	0.0	0.0	0.0	0.0	0.0
ad60861dfa44065ef5cbcfaac9ab3192	0.0	0.0	0.0	0.0	0.0	0.0	0.0	0.0	0.0	0.0	0.0	0.0	0.0	34.0	0.0	0.0	0.0	0.0
d75fa4817ce1d168e9e03a7289aacaed	0.0	0.0	0.0	0.0	0.0	0.0	0.0	0.0	0.0	0.0	0.0	0.0	0.0	0.0	0.0	34.0	0.0	0.0
1e287c6bcff98dc24393169a433256b2	0.0	0.0	0.0	0.0	0.0	0.0	0.0	0.0	33.0	0.0	0.0	0.0	0.0	0.0	0.0	0.0	0.0	0.0
e3e889ec96eea7b93d6e90a9f7b1817b	0.0	0.0	0.0	0.0	0.0	0.0	0.0	0.0	33.0	0.0	0.0	0.0	0.0	0.0	0.0	0.0	0.0	0.0
8f82034cc76776f5a150ddd9afe5e2b9	0.0	0.0	0.0	0.0	0.0	0.0	0.0	0.0	0.0	0.0	0.0	33.0	0.0	0.0	0.0	0.0	0.0	0.0
20507fd7cca39be9df4b5e564f3b9603	0.0	0.0	0.0	0.0	0.0	0.0	0.0	0.0	0.0	0.0	0.0	0.0	0.0	33.0	0.0	0.0	0.0	0.0
1e2700abe8078525b5831f569d6fb887	0.0	0.0	0.0	0.0	0.0	0.0	0.0	0.0	0.0	0.0	0.0	0.0	0.0	0.0	33.0	0.0	0.0	0.0
99c12afdc1d5a12aae498a2a6a4899cd	0.0	0.0	0.0	0.0	0.0	0.0	0.0	0.0	0.0	0.0	0.0	0.0	0.0	0.0	0.0	0.0	33.0	0.0
d4e0e470fb6fc16a39858fa54b015de7	0.0	0.0	0.0	0.0	0.0	0.0	0.0	32.0	0.0	0.0	0.0	0.0	0.0	0.0	0.0	0.0	0.0	0.0
113461ca352e80c2d9b413cace0c4c70	0.0	0.0	0.0	0.0	0.0	0.0	0.0	32.0	0.0	0.0	0.0	0.0	0.0	0.0	0.0	0.0	0.0	0.0
a860bf15b205553e52cbdf16ef920078	0.0	0.0	0.0	0.0	0.0	0.0	0.0	0.0	32.0	0.0	0.0	0.0	0.0	0.0	0.0	0.0	0.0	0.0
3e38e141a2fc243893da2d7e5a8d3675	0.0	0.0	0.0	0.0	0.0	0.0	0.0	0.0	0.0	0.0	0.0	0.0	0.0	32.0	0.0	0.0	0.0	0.0
8f7a8748d0029fc6f15f4f487874406d	0.0	0.0	0.0	0.0	0.0	0.0	0.0	0.0	0.0	0.0	0.0	0.0	0.0	0.0	0.0	0.0	32.0	0.0
028db7b383e45ccc001131c95da56d56	0.0	0.0	0.0	0.0	0.0	0.0	0.0	0.0	0.0	31.0	0.0	0.0	0.0	0.0	0.0	0.0	0.0	0.0
b3faf6f0f23f00a7f0a91fe7f449a0c6	0.0	0.0	0.0	0.0	0.0	0.0	0.0	0.0	0.0	0.0	31.0	0.0	0.0	0.0	0.0	0.0	0.0	0.0
940ac25fb8ed341717532a4fb0aa6ea2	0.0	0.0	0.0	0.0	0.0	0.0	0.0	0.0	0.0	0.0	0.0	0.0	0.0	0.0	0.0	0.0	0.0	31.0
7e0b4e5fd7a0c7fecac55a9f190dd9ac	0.0	0.0	0.0	0.0	0.0	0.0	0.0	30.0	0.0	0.0	0.0	0.0	0.0	0.0	0.0	0.0	0.0	0.0
e76f8186527e89e4027f378f439a4196	0.0	0.0	0.0	0.0	0.0	0.0	0.0	30.0	0.0	0.0	0.0	0.0	0.0	0.0	0.0	0.0	0.0	0.0
60beda877c348f7448802123be2289d4	0.0	0.0	0.0	0.0	0.0	0.0	0.0	0.0	0.0	0.0	0.0	30.0	0.0	0.0	0.0	0.0	0.0	0.0
d1fb6bcdd183496ca584cd7e5f484b61	0.0	0.0	0.0	0.0	0.0	0.0	0.0	0.0	0.0	0.0	0.0	30.0	0.0	0.0	0.0	0.0	0.0	0.0
fd70e60d79e383609020c58f84bafee2	0.0	0.0	0.0	0.0	0.0	0.0	0.0	0.0	0.0	0.0	0.0	0.0	0.0	0.0	0.0	0.0	0.0	30.0
178e620879f0b0c7c2ae30946e1cab18	0.0	29.0	0.0	0.0	0.0	0.0	0.0	0.0	0.0	0.0	0.0	0.0	0.0	0.0	0.0	0.0	0.0	0.0
507ed9abb51545ff2673c71699614ea9	0.0	29.0	0.0	0.0	0.0	0.0	0.0	0.0	0.0	0.0	0.0	0.0	0.0	0.0	0.0	0.0	0.0	0.0
c1927e7da0426bb7167ce2144f21ba81	0.0	0.0	0.0	0.0	0.0	0.0	0.0	0.0	0.0	29.0	0.0	0.0	0.0	0.0	0.0	0.0	0.0	0.0
6b31aa60d5c56997ca3aae167903f686	0.0	0.0	0.0	0.0	0.0	0.0	0.0	0.0	0.0	0.0	0.0	0.0	29.0	0.0	0.0	0.0	0.0	0.0
3d3e59caee9e90e79b48d5aff3f407a3	0.0	0.0	0.0	0.0	0.0	0.0	0.0	0.0	0.0	0.0	0.0	0.0	0.0	0.0	29.0	0.0	0.0	0.0
9f098d1df6546420a0f66033f3873f1e	0.0	0.0	0.0	0.0	0.0	0.0	0.0	0.0	0.0	0.0	0.0	0.0	0.0	0.0	0.0	29.0	0.0	0.0
f91bae532ff26f4c3b472dc9034ca973	0.0	0.0	0.0	0.0	0.0	28.0	0.0	0.0	0.0	0.0	0.0	0.0	0.0	0.0	0.0	0.0	0.0	0.0
9adf73706f4c1d6333a6e0ca524d4a6c	0.0	0.0	0.0	0.0	0.0	0.0	0.0	0.0	0.0	0.0	0.0	0.0	14.0	0.0	0.0	14.0	0.0	0.0
ff022a16de6b1db5ff0424897eb6e17a	0.0	0.0	0.0	0.0	0.0	0.0	0.0	0.0	0.0	0.0	0.0	0.0	0.0	0.0	28.0	0.0	0.0	0.0
4c9b1abbc9e040e42b136c0bcfb876e5	0.0	0.0	0.0	0.0	0.0	0.0	0.0	0.0	27.0	0.0	0.0	0.0	0.0	0.0	0.0	0.0	0.0	0.0
1e8e3f511f53fd93b86d2cbb36b51a9e	0.0	0.0	0.0	0.0	0.0	0.0	0.0	0.0	0.0	0.0	0.0	27.0	0.0	0.0	0.0	0.0	0.0	0.0
46e2390801e480bd00cd3fe700ad4ab8	0.0	0.0	0.0	0.0	0.0	0.0	0.0	0.0	0.0	0.0	0.0	0.0	0.0	0.0	0.0	27.0	0.0	0.0
4170e6c87161b187c33e89666b61632b	0.0	0.0	0.0	0.0	0.0	0.0	0.0	0.0	0.0	0.0	0.0	0.0	0.0	0.0	0.0	27.0	0.0	0.0
b1b3ef5cef3802075016115dd44cfaed	0.0	0.0	0.0	0.0	0.0	0.0	0.0	0.0	0.0	0.0	0.0	0.0	0.0	0.0	0.0	0.0	27.0	0.0
71c0d132ced3a5a1be25870b5448a1ae	0.0	0.0	0.0	0.0	0.0	0.0	0.0	26.0	0.0	0.0	0.0	0.0	0.0	0.0	0.0	0.0	0.0	0.0
832a764908b47c13e2403392f6804ce6	0.0	0.0	0.0	0.0	0.0	0.0	0.0	26.0	0.0	0.0	0.0	0.0	0.0	0.0	0.0	0.0	0.0	0.0
50003e582597851015dd58b29340af79	0.0	0.0	0.0	0.0	0.0	0.0	0.0	0.0	0.0	0.0	0.0	26.0	0.0	0.0	0.0	0.0	0.0	0.0
35c4db267b7e8b02c5b9957fb5538897	0.0	0.0	0.0	0.0	0.0	0.0	0.0	0.0	0.0	0.0	0.0	0.0	0.0	0.0	26.0	0.0	0.0	0.0
5a0430067cee65ce01f1e21444c62767	0.0	0.0	0.0	0.0	0.0	0.0	0.0	0.0	0.0	0.0	0.0	0.0	0.0	0.0	0.0	0.0	26.0	0.0
ef13974283a9eb23bffc53fabe5af814	25.0	0.0	0.0	0.0	0.0	0.0	0.0	0.0	0.0	0.0	0.0	0.0	0.0	0.0	0.0	0.0	0.0	0.0
ea001024495de4f46ddb0201444824bf	0.0	0.0	0.0	0.0	0.0	0.0	0.0	25.0	0.0	0.0	0.0	0.0	0.0	0.0	0.0	0.0	0.0	0.0
cd610204056c1be6080ef1945fba8503	0.0	0.0	0.0	0.0	0.0	0.0	0.0	0.0	25.0	0.0	0.0	0.0	0.0	0.0	0.0	0.0	0.0	0.0
831ca4d97acbd50eec06120b5623fb75	0.0	0.0	0.0	0.0	0.0	0.0	0.0	0.0	0.0	0.0	0.0	0.0	0.0	0.0	25.0	0.0	0.0	0.0
3f45fcb96da083ec445daa7704819bf9	0.0	0.0	0.0	0.0	0.0	0.0	0.0	0.0	0.0	0.0	0.0	0.0	0.0	0.0	0.0	0.0	25.0	0.0
8dfa205045a8242fd5082b829bbfaac4	0.0	0.0	0.0	0.0	0.0	0.0	0.0	0.0	24.0	0.0	0.0	0.0	0.0	0.0	0.0	0.0	0.0	0.0
3cc4062b203f2191617829fe0bee8485	0.0	0.0	0.0	0.0	0.0	0.0	0.0	0.0	0.0	0.0	24.0	0.0	0.0	0.0	0.0	0.0	0.0	0.0
42641e60e5ed4b4f14f0788bd969712d	0.0	0.0	0.0	0.0	0.0	0.0	0.0	0.0	0.0	0.0	0.0	24.0	0.0	0.0	0.0	0.0	0.0	0.0
0b24e1ce80045340652f0b8549e371cd	0.0	0.0	0.0	0.0	0.0	0.0	0.0	0.0	0.0	0.0	0.0	0.0	0.0	0.0	0.0	24.0	0.0	0.0
853acf6d578804a6fc3d87e1af7706d0	0.0	0.0	0.0	0.0	0.0	0.0	0.0	0.0	0.0	0.0	0.0	0.0	0.0	0.0	0.0	0.0	24.0	0.0
4189e105cf22a591ee2ee5468a2ddd05	0.0	0.0	0.0	0.0	0.0	0.0	0.0	0.0	0.0	0.0	0.0	0.0	0.0	0.0	0.0	0.0	0.0	24.0
2540894b05dc46c8939ee63fb742d992	0.0	0.0	0.0	0.0	0.0	0.0	0.0	0.0	0.0	0.0	0.0	0.0	0.0	0.0	0.0	0.0	0.0	24.0
aedf0a754e3ed78cc9fdafbd93281312	0.0	23.0	0.0	0.0	0.0	0.0	0.0	0.0	0.0	0.0	0.0	0.0	0.0	0.0	0.0	0.0	0.0	0.0
97030d7d7288106091dee5d3f6f6fbc1	0.0	0.0	23.0	0.0	0.0	0.0	0.0	0.0	0.0	0.0	0.0	0.0	0.0	0.0	0.0	0.0	0.0	0.0
6e12b6a6a0acf42a7a4faa6fd20d3524	0.0	0.0	0.0	23.0	0.0	0.0	0.0	0.0	0.0	0.0	0.0	0.0	0.0	0.0	0.0	0.0	0.0	0.0
24208c698d019ed70afca0eb8a362151	0.0	0.0	0.0	0.0	0.0	0.0	23.0	0.0	0.0	0.0	0.0	0.0	0.0	0.0	0.0	0.0	0.0	0.0
fcc5418d5e5314ad17caa665ea0aec64	0.0	0.0	0.0	0.0	0.0	0.0	0.0	0.0	23.0	0.0	0.0	0.0	0.0	0.0	0.0	0.0	0.0	0.0
038f7fe98d7b2ba58daa5a0b9646de0a	0.0	0.0	0.0	0.0	0.0	0.0	0.0	0.0	0.0	0.0	0.0	0.0	0.0	0.0	0.0	0.0	0.0	23.0
5d615ba217b432572886d27d43c22b28	0.0	0.0	0.0	0.0	0.0	22.0	0.0	0.0	0.0	0.0	0.0	0.0	0.0	0.0	0.0	0.0	0.0	0.0
9ad5b4c2d6289009b5b9c6017ff75cf6	0.0	0.0	0.0	0.0	0.0	0.0	22.0	0.0	0.0	0.0	0.0	0.0	0.0	0.0	0.0	0.0	0.0	0.0
57092366caad8c730a2eb6b4da22bfb2	0.0	0.0	0.0	0.0	0.0	0.0	0.0	0.0	0.0	0.0	0.0	0.0	22.0	0.0	0.0	0.0	0.0	0.0
301c1aa705e460579bea7cbabc15cfae	0.0	0.0	0.0	0.0	0.0	0.0	0.0	0.0	0.0	0.0	0.0	0.0	0.0	22.0	0.0	0.0	0.0	0.0
4c34389cc3315aa0745c1abda134d607	0.0	0.0	0.0	0.0	0.0	0.0	0.0	0.0	0.0	0.0	0.0	0.0	0.0	0.0	0.0	0.0	0.0	22.0
20b134c0d61ab246e9ec583fe1c36639	0.0	0.0	0.0	0.0	0.0	0.0	20.0	0.0	0.0	0.0	0.0	0.0	0.0	0.0	0.0	0.0	0.0	0.0
a9f845bd9734fce74dc02f1d7d65e3f2	0.0	0.0	0.0	0.0	0.0	0.0	0.0	0.0	20.0	0.0	0.0	0.0	0.0	0.0	0.0	0.0	0.0	0.0
806b0c7018d98a013f07da60e9227006	0.0	0.0	0.0	0.0	0.0	0.0	0.0	0.0	20.0	0.0	0.0	0.0	0.0	0.0	0.0	0.0	0.0	0.0
d4a9de5def3643716c19aed3b98788ea	0.0	0.0	0.0	0.0	0.0	0.0	0.0	0.0	20.0	0.0	0.0	0.0	0.0	0.0	0.0	0.0	0.0	0.0
c2e925f6ef77dff465341eade87f8c2a	0.0	0.0	0.0	0.0	0.0	0.0	0.0	0.0	0.0	0.0	0.0	0.0	0.0	0.0	20.0	0.0	0.0	0.0
fe61c49d2763a43be2770633d66d132d	0.0	0.0	0.0	0.0	0.0	0.0	0.0	0.0	0.0	0.0	0.0	0.0	0.0	0.0	20.0	0.0	0.0	0.0
b17c916e58d22045f0544b8060994507	0.0	0.0	0.0	0.0	19.0	0.0	0.0	0.0	0.0	0.0	0.0	0.0	0.0	0.0	0.0	0.0	0.0	0.0
53fcff6892c5187112685f0744d5dfbb	0.0	0.0	0.0	0.0	0.0	0.0	0.0	0.0	0.0	0.0	0.0	19.0	0.0	0.0	0.0	0.0	0.0	0.0
81eacc4d3ba9e3c8dd88180ac74562fc	0.0	0.0	0.0	0.0	0.0	0.0	0.0	0.0	0.0	0.0	0.0	19.0	0.0	0.0	0.0	0.0	0.0	0.0
e3526bafdbf0ae8d81dab05edbd7f39a	0.0	0.0	0.0	0.0	18.0	0.0	0.0	0.0	0.0	0.0	0.0	0.0	0.0	0.0	0.0	0.0	0.0	0.0
05359da331972a4663636f9bbdfdeb1f	0.0	0.0	0.0	0.0	0.0	0.0	0.0	0.0	0.0	0.0	0.0	18.0	0.0	0.0	0.0	0.0	0.0	0.0
d56c54d436c16fc625d7c0d3080a0599	0.0	0.0	0.0	0.0	0.0	0.0	0.0	0.0	0.0	0.0	0.0	18.0	0.0	0.0	0.0	0.0	0.0	0.0
5a4fca886558c42997b81c377af251b7	0.0	0.0	0.0	0.0	0.0	0.0	0.0	0.0	0.0	0.0	0.0	0.0	0.0	18.0	0.0	0.0	0.0	0.0
423b3523b928f605d8d6bdeca72a9810	0.0	0.0	0.0	0.0	0.0	0.0	0.0	0.0	0.0	0.0	0.0	0.0	0.0	0.0	0.0	0.0	18.0	0.0
19ab619990a796e7524725adcca60ed6	0.0	0.0	0.0	17.0	0.0	0.0	0.0	0.0	0.0	0.0	0.0	0.0	0.0	0.0	0.0	0.0	0.0	0.0
f2908640293f8f04138069986874bea5	0.0	0.0	0.0	0.0	0.0	0.0	0.0	0.0	0.0	0.0	0.0	0.0	0.0	0.0	17.0	0.0	0.0	0.0
29643e02ceaf701186628c57658b0072	0.0	0.0	0.0	0.0	0.0	0.0	0.0	0.0	0.0	0.0	0.0	0.0	0.0	0.0	17.0	0.0	0.0	0.0
93e7d6250a3f65f14576c27df32203a1	0.0	0.0	0.0	0.0	0.0	0.0	0.0	0.0	0.0	0.0	0.0	0.0	0.0	0.0	0.0	0.0	17.0	0.0
8e6b711ed6f2857ef273de3e99552c08	0.0	0.0	0.0	0.0	0.0	0.0	0.0	16.0	0.0	0.0	0.0	0.0	0.0	0.0	0.0	0.0	0.0	0.0
e7d3734732d8acaa826b5c4940d45c5e	0.0	0.0	0.0	0.0	0.0	0.0	0.0	0.0	0.0	0.0	16.0	0.0	0.0	0.0	0.0	0.0	0.0	0.0
9a7374804cd63f698c17d07dff68abc6	0.0	0.0	0.0	0.0	0.0	0.0	0.0	0.0	0.0	0.0	10.0	0.0	0.0	0.0	6.0	0.0	0.0	0.0
ec36add68835a5c2335825abcfa1c513	0.0	0.0	0.0	0.0	0.0	0.0	0.0	0.0	0.0	0.0	0.0	0.0	0.0	16.0	0.0	0.0	0.0	0.0
ba724c34ad530b5f7f67c0593b8e30ef	0.0	0.0	0.0	0.0	0.0	0.0	0.0	0.0	0.0	0.0	0.0	0.0	0.0	0.0	0.0	0.0	0.0	16.0
3abe84dd582bfdd2ef4bca8927934ffa	0.0	0.0	0.0	0.0	0.0	0.0	15.0	0.0	0.0	0.0	0.0	0.0	0.0	0.0	0.0	0.0	0.0	0.0
a9381c03f3a4aa8fbffbe0cd6cd560a5	0.0	0.0	0.0	0.0	0.0	0.0	15.0	0.0	0.0	0.0	0.0	0.0	0.0	0.0	0.0	0.0	0.0	0.0
db142f4d84b6dc218d09600912efd543	0.0	0.0	0.0	0.0	0.0	0.0	0.0	15.0	0.0	0.0	0.0	0.0	0.0	0.0	0.0	0.0	0.0	0.0
84deaaf39a1ebc95a547448e84d981c9	0.0	0.0	0.0	0.0	0.0	0.0	0.0	0.0	7.0	8.0	0.0	0.0	0.0	0.0	0.0	0.0	0.0	0.0
5af5e5ce3ebfb1bf2b625d2a3fd5452f	0.0	0.0	0.0	0.0	0.0	0.0	0.0	0.0	15.0	0.0	0.0	0.0	0.0	0.0	0.0	0.0	0.0	0.0
cbbba632da695670c8be49b1fb49e333	0.0	0.0	0.0	0.0	0.0	0.0	0.0	0.0	0.0	0.0	0.0	15.0	0.0	0.0	0.0	0.0	0.0	0.0
32d318f0a3fcd0d4a852bde19da767a7	0.0	0.0	0.0	0.0	0.0	0.0	0.0	0.0	0.0	0.0	0.0	0.0	0.0	0.0	0.0	0.0	0.0	15.0
f6ebc67042e15aea11eec26048543acb	0.0	0.0	14.0	0.0	0.0	0.0	0.0	0.0	0.0	0.0	0.0	0.0	0.0	0.0	0.0	0.0	0.0	0.0
8269ce17e27237cd1aba51cfbee7ce47	0.0	0.0	0.0	0.0	0.0	0.0	14.0	0.0	0.0	0.0	0.0	0.0	0.0	0.0	0.0	0.0	0.0	0.0
4ebeb8364b910822c23580d234703ef7	0.0	0.0	0.0	0.0	0.0	0.0	0.0	0.0	0.0	0.0	14.0	0.0	0.0	0.0	0.0	0.0	0.0	0.0
831ab2eb317bb359c262f372e7f2701b	0.0	0.0	0.0	13.0	0.0	0.0	0.0	0.0	0.0	0.0	0.0	0.0	0.0	0.0	0.0	0.0	0.0	0.0
e8f7eb81b183991ba87f2afabd12b39d	0.0	0.0	0.0	0.0	0.0	0.0	13.0	0.0	0.0	0.0	0.0	0.0	0.0	0.0	0.0	0.0	0.0	0.0
339815a86febbd1152ff508ef4527259	0.0	0.0	0.0	0.0	0.0	0.0	0.0	13.0	0.0	0.0	0.0	0.0	0.0	0.0	0.0	0.0	0.0	0.0
494b69a703485309f7ab57f2aa60ed77	0.0	0.0	0.0	0.0	0.0	0.0	0.0	0.0	0.0	0.0	0.0	0.0	13.0	0.0	0.0	0.0	0.0	0.0
8b3406a6367064ab1b861c02993c8373	0.0	0.0	0.0	0.0	0.0	0.0	0.0	0.0	0.0	0.0	0.0	0.0	13.0	0.0	0.0	0.0	0.0	0.0
3b736b7e9be4066454f2354f088d2755	0.0	0.0	0.0	0.0	0.0	0.0	0.0	0.0	0.0	0.0	0.0	0.0	0.0	13.0	0.0	0.0	0.0	0.0
b106f68b2bb625f692d7609e6cb1cfae	0.0	0.0	0.0	0.0	0.0	0.0	0.0	0.0	0.0	0.0	0.0	0.0	0.0	0.0	13.0	0.0	0.0	0.0
7248b49321fcc91c3755fa7bb55d264c	0.0	0.0	0.0	0.0	0.0	0.0	0.0	0.0	0.0	0.0	0.0	0.0	0.0	0.0	0.0	13.0	0.0	0.0
b19c6b21466e5078bec724408d569901	0.0	0.0	0.0	0.0	0.0	0.0	0.0	0.0	0.0	0.0	0.0	0.0	0.0	0.0	0.0	0.0	13.0	0.0
2d1b31d10aec4f2ba3d15bd31b0037d7	0.0	0.0	0.0	0.0	0.0	0.0	0.0	0.0	0.0	0.0	0.0	0.0	0.0	0.0	0.0	0.0	13.0	0.0
dc9f5161b96fb36824449ebaadde9ce5	12.0	0.0	0.0	0.0	0.0	0.0	0.0	0.0	0.0	0.0	0.0	0.0	0.0	0.0	0.0	0.0	0.0	0.0
75afa59d1cb1dd064ce769eccf5c375b	0.0	0.0	0.0	0.0	0.0	0.0	0.0	0.0	0.0	0.0	12.0	0.0	0.0	0.0	0.0	0.0	0.0	0.0
edb5bbb64766fbe16bfa6ee9cfd8b29f	0.0	0.0	0.0	0.0	0.0	0.0	11.0	0.0	0.0	0.0	0.0	0.0	0.0	0.0	0.0	0.0	0.0	0.0
13c6093b2ac02f37d2d6cd4d57b8a2da	0.0	0.0	0.0	0.0	0.0	0.0	0.0	0.0	0.0	11.0	0.0	0.0	0.0	0.0	0.0	0.0	0.0	0.0
b67cac1488adeb99b8da6edbd8d31f30	0.0	0.0	0.0	0.0	0.0	0.0	0.0	0.0	0.0	0.0	10.0	0.0	0.0	0.0	0.0	0.0	0.0	0.0
bdd5fa5baa32380e069783a7ed62d007	0.0	0.0	0.0	0.0	0.0	0.0	0.0	0.0	0.0	0.0	10.0	0.0	0.0	0.0	0.0	0.0	0.0	0.0
71179fb73adfe356477f1d189d5952d5	0.0	0.0	0.0	0.0	0.0	0.0	0.0	0.0	0.0	0.0	0.0	0.0	0.0	0.0	0.0	10.0	0.0	0.0
6d6e1bf4352f8b4ea7400229e99a4e7b	0.0	0.0	0.0	0.0	0.0	0.0	0.0	0.0	0.0	0.0	0.0	0.0	0.0	0.0	0.0	0.0	10.0	0.0
247620c7b9b90918d19561e20ff8785b	0.0	0.0	0.0	0.0	0.0	0.0	0.0	0.0	0.0	9.0	0.0	0.0	0.0	0.0	0.0	0.0	0.0	0.0
10989667c844732e12b8e1f8d674b576	0.0	0.0	0.0	0.0	0.0	0.0	0.0	0.0	0.0	0.0	0.0	0.0	0.0	0.0	0.0	0.0	0.0	9.0
9ca60ebbc3bf1be1a18d086d4f4954c8	0.0	0.0	0.0	0.0	0.0	0.0	0.0	0.0	0.0	0.0	0.0	0.0	0.0	0.0	0.0	0.0	0.0	9.0
121dc6c68e899037cca7865a3d1e2699	0.0	0.0	0.0	0.0	0.0	0.0	0.0	0.0	0.0	0.0	0.0	0.0	8.0	0.0	0.0	0.0	0.0	0.0
c019db6557f45fda329a51405a13ac13	0.0	0.0	0.0	0.0	0.0	0.0	0.0	0.0	0.0	0.0	0.0	0.0	8.0	0.0	0.0	0.0	0.0	0.0
61f7652f79aace29a209ba788c865126	0.0	0.0	0.0	0.0	0.0	0.0	0.0	7.0	0.0	0.0	0.0	0.0	0.0	0.0	0.0	0.0	0.0	0.0
3112b735a9a788cd194b3c1ed2e859c9	0.0	0.0	0.0	0.0	0.0	0.0	0.0	0.0	0.0	0.0	0.0	0.0	0.0	0.0	7.0	0.0	0.0	0.0
2ebdfa8dbadb6c8da17e1d24d3d673d0	0.0	0.0	0.0	0.0	0.0	0.0	0.0	0.0	0.0	0.0	0.0	0.0	0.0	0.0	0.0	7.0	0.0	0.0
7f62fd3fc4a4f0638fea390980d537cc	0.0	0.0	0.0	0.0	0.0	0.0	0.0	0.0	0.0	0.0	0.0	0.0	0.0	0.0	0.0	0.0	0.0	7.0
e2af78ce926201ff0f2e29b3336b028e	0.0	0.0	6.0	0.0	0.0	0.0	0.0	0.0	0.0	0.0	0.0	0.0	0.0	0.0	0.0	0.0	0.0	0.0
e4dc4dee187aa7cd60ae48eb01983e67	0.0	0.0	0.0	0.0	0.0	0.0	0.0	0.0	0.0	0.0	0.0	0.0	0.0	0.0	6.0	0.0	0.0	0.0
075ee541dc914b27d83ee0791a5ba1b7	0.0	0.0	0.0	5.0	0.0	0.0	0.0	0.0	0.0	0.0	0.0	0.0	0.0	0.0	0.0	0.0	0.0	0.0
889794a081da5628e9e3b5a6e0fc8f96	0.0	0.0	0.0	4.0	0.0	0.0	0.0	0.0	0.0	0.0	0.0	0.0	0.0	0.0	0.0	0.0	0.0	0.0
6a54e787f27503e6d784fb2f1680295f	0.0	0.0	0.0	0.0	4.0	0.0	0.0	0.0	0.0	0.0	0.0	0.0	0.0	0.0	0.0	0.0	0.0	0.0
5c0658494fcaea4cce90c8d68c42d690	0.0	0.0	0.0	0.0	0.0	0.0	0.0	4.0	0.0	0.0	0.0	0.0	0.0	0.0	0.0	0.0	0.0	0.0
dafcb96a95587fcc75fbc827ed3f7e09	0.0	0.0	0.0	0.0	0.0	0.0	0.0	0.0	0.0	0.0	0.0	0.0	4.0	0.0	0.0	0.0	0.0	0.0
90c5a15b45e8b663904f0a5d983bb63a	0.0	0.0	0.0	0.0	0.0	0.0	0.0	0.0	0.0	0.0	0.0	0.0	2.0	0.0	0.0	0.0	0.0	0.0
a7a288d9259e6229c531cdab5060749f	0.0	0.0	0.0	0.0	0.0	0.0	0.0	0.0	0.0	0.0	0.0	0.0	0.0	2.0	0.0	0.0	0.0	0.0
7e80300e31334310bb527145304b0441	0.0	0.0	0.0	0.0	0.0	0.0	0.0	0.0	0.0	0.0	0.0	0.0	0.0	0.0	0.0	2.0	0.0	0.0
